9 10 100
3987287 7177693 3165907 1257163 5690912 2262316 6386394 1213368 4300785 5767898
9393013 6954005 3133971 3512869 9872479 3114340 8275283 9807727 6730391 7748233
4719490 3777855 1323232 7427403 387701 9695165 3276098 9605719 7214726 2983481
8328967 8190141 1669393 9192740 6896574 2753521 7840376 7155221 8505532 3450315
1652512 3168837 229142 8815240 254578 5370259 2792617 6534982 5471579 9787650
5597330 4017164 4223820 7001142 1374134 3560256 5693626 6985083 8549563 1873199
4594079 1915198 5266701 1141896 7870199 8813457 3965402 9307361 2606532 5371947
4329110 1994289 2231307 3335142 6552952 1511124 8671957 5532864 7695483 4278667
4136751 3411546 262750 4375417 1018922 5496316 3083173 1169063 6601691 1331983
3 6 9778499
2 6 4174286
5 3 9281213
5 5 8996188
1 1 8179470
3 3 2848187
2 8 9952599
9 5 7584113
3 4 8835409
3 10 3227383
2 9 7966305
8 4 6239257
7 5 7971276
4 7 8233840
2 9 8310304
5 2 3565583
7 4 6807856
6 9 9182118
7 10 5582943
9 5 8713962
4 1 8804477
1 6 4275242
6 3 4650894
7 3 5445374
2 10 8723588
1 1 9530346
3 2 7816836
7 6 9265046
2 7 9942048
8 6 7448126
6 5 3034828
4 4 9762485
9 5 9705963
7 1 6814148
1 9 8260542
9 3 7703253
7 10 9507193
4 9 9262565
5 3 9476460
1 10 7944307
3 4 9554136
4 9 9516711
1 10 8549108
8 1 5248329
4 6 3644278
6 10 9822374
7 6 9693382
5 2 8217279
3 10 4529256
4 8 9048472
5 3 9835030
1 4 8607921
9 3 9863866
4 10 3959840
3 2 9881265
8 8 9639941
2 10 9488806
1 4 8721611
9 1 6206957
2 5 9915210
9 6 9935441
1 8 5069319
7 4 7467673
5 8 7124335
5 7 4350086
6 7 6120253
5 6 7589986
4 4 9854716
3 10 5973152
1 3 4851203
6 2 5262972
1 3 6128672
8 7 8760803
2 6 9659052
7 1 7767955
8 4 9811982
1 7 8508324
9 3 9932898
8 8 9830640
5 3 9915389
6 5 9653823
1 6 9316274
3 2 9963919
3 10 9319212
2 4 5647909
4 5 7067512
2 1 9809995
4 5 8325139
9 8 4231383
1 8 9289172
3 8 9898567
2 4 6079526
3 3 5761039
8 6 9529644
4 8 9580779
1 3 8074157
2 10 9686920
2 7 9986548
6 9 9549653
8 6 9966086
