10 9 100
9223964 3146951 1904728 8887294 214391 5027764 9401095 3804420 5520122
1821354 5475115 493601 1296163 426765 6133399 2530907 9632693 6345894
3950495 3516892 980279 149281 3112861 7414898 7551861 7222541 7808109
8209168 642173 4592224 7230705 6298700 1015588 6084721 5260301 6716511
8962559 8926076 5708588 2571816 8791530 6018466 3184441 9794217 8316036
2735974 1305383 3194632 5731761 215856 3289066 5390096 5730071 4308430
6267260 440493 3498529 7946094 8829529 3816180 4116991 3410598 8382979
3628696 1607588 1223277 7076478 9856118 3451719 9230111 6712405 1068170
2872163 2071932 5232659 3670392 5386294 290473 4974283 6197892 3976773
5398957 5657361 3025050 5105111 9049462 2368127 3533895 3524470 7899090
9 5 9178213
10 2 6670148
9 8 7707411
9 3 6472902
8 5 9913019
4 2 4709339
3 2 4899712
10 4 5962117
1 2 5893027
8 5 9934010
9 1 7526543
9 1 9235749
1 6 9703194
1 7 9866983
4 9 8157221
6 5 6982263
2 7 3454174
10 3 5892571
9 1 9351199
5 1 8976467
6 4 9464314
1 2 7835438
9 4 4015498
4 2 7742233
3 6 8979076
10 3 8155787
2 5 8342560
5 8 9973552
9 6 5721888
7 1 6357702
9 3 7648408
1 4 9668590
1 6 9757507
4 9 9474693
8 4 8314687
8 2 6396075
8 7 9722824
8 2 6729622
5 9 8704034
6 3 9150167
3 4 7133014
5 6 9094821
5 6 9744636
5 3 7609481
1 8 8373186
3 4 7514657
10 9 8100148
9 3 9016161
4 7 7290388
10 7 5679544
4 4 9108179
2 8 9741361
3 9 8532205
1 9 7412397
8 8 8088510
10 4 9715289
6 2 2040189
1 6 9788584
3 5 6998873
6 5 9788714
1 5 2391662
6 7 6940234
3 9 9435619
2 4 9456483
6 3 9342523
9 3 9097586
2 9 9499793
4 5 7703599
9 2 5035285
9 7 7270517
10 9 9256139
4 3 4724726
7 3 5363181
8 4 9151955
3 2 6149618
6 4 9836614
10 9 9693019
1 7 9952686
4 1 9993719
8 3 2616718
3 7 9890775
10 9 9909560
9 1 9665493
4 5 8966407
8 7 9821492
2 7 4571916
2 1 7327730
8 7 9944339
9 5 9326629
10 7 5840160
10 3 9365114
8 4 9305846
2 1 9917184
8 8 9748170
9 3 9765353
3 8 8682721
9 9 9117872
3 3 5860577
2 8 9769028
4 3 7615621
