2 50 100
4696288 1417667 4748812 4346825 7600667 8347086 2487459 1971341 6377581 2948499 6383116 3661054 7194800 2015335 7947579 3235228 6657556 6986258 6648379 7487257 4751134 8960721 5103786 1966172 9867684 7383124 9432248 1521535 5753170 6757441 2369964 6173266 8559399 519216 1891679 5563221 7370233 1449644 8458430 724289 5744109 9731640 5259980 4996864 7640704 9511496 462494 5254705 1817985 8142020
5408093 3498533 1801620 434953 4431048 7065317 7278000 234215 9095215 253737 6143522 1439780 7772025 7831522 4652424 2623095 1685535 7184945 1995223 2557326 2029998 1487214 6611542 3464585 1846217 3980706 1777696 477052 8831013 866317 2542374 6253553 8400524 1254177 4831787 7933284 8980826 6567044 8710342 2646981 3994243 8842898 2600419 4849401 9433995 4613209 9611586 4881242 2743820 6081564
1 40 4527313
1 26 7848460
2 37 9677777
1 40 8102471
1 1 6926376
1 11 9819526
1 33 9838166
2 12 8406495
2 32 7135679
2 14 9995021
1 16 7131220
2 29 9446862
2 35 5985633
1 30 8356293
2 22 4380171
1 1 8252317
1 21 5513916
1 11 9984266
1 40 8886421
2 1 9520247
1 26 7876662
2 6 9968855
1 25 9978837
1 17 9773130
1 8 9491126
2 10 8283556
1 8 9675896
2 17 9399574
1 38 6105527
1 35 7549391
1 7 3989865
1 50 8446584
2 49 9347004
2 7 7740954
1 36 7288262
1 4 4395324
1 21 5752511
2 24 8576573
2 16 9248113
2 14 9996773
2 15 4837696
2 16 9727028
2 6 9993753
1 8 9820455
1 46 9778859
2 26 9915011
2 27 2096157
2 20 6505208
2 43 5029810
2 26 9975106
2 15 7341326
2 11 7219378
2 45 9802574
1 47 7002363
2 40 5248158
2 30 6325294
2 15 9983423
2 10 9238651
2 41 9945245
1 12 5801605
1 32 7697717
1 1 9276405
2 43 6901784
1 22 9259468
2 13 8099002
1 40 9644992
2 25 8176550
1 39 9125809
2 49 9638194
1 6 9018227
2 17 9517700
2 2 4344607
1 20 7967009
1 43 9374883
1 31 2522445
1 25 9981599
1 31 5567086
1 42 9903826
1 43 9979617
2 37 9723255
1 38 6384979
1 40 9949640
2 48 8202676
2 48 8403675
1 29 7515262
2 2 4848770
1 49 8042757
2 26 9979416
1 13 7511430
2 16 9801476
1 31 9670492
2 45 9940354
1 35 9990233
1 9 8919044
1 21 8253040
1 46 9966745
1 9 9732510
1 47 9403285
2 44 9405441
1 18 9505500
