50 2 100
2644195 2034780
3906244 7959843
101909 213203
5828382 8432072
6611819 7067167
2512668 4510256
8907257 1443131
1268553 121440
120163 1319380
733701 7289297
7920100 8797774
4340739 9849456
7206727 8471487
8652747 9635484
5906161 8621682
845113 3672876
453333 4747622
3241980 1985894
4385918 2299213
3469848 1712265
2323977 2974733
6450020 5467204
8403368 8066370
2529165 6062908
764064 7417146
3572497 2564362
4287563 4182647
4296517 1524795
539287 5183025
6940240 155598
4576518 5696082
4329517 1405498
2229420 159992
2117421 8967269
8521268 7490678
7212019 4104110
5731163 9582547
5191670 9608804
2013043 361673
8956290 2603980
4330722 8170439
3511991 1361823
7259552 2697840
8724361 1720713
5938621 5659674
4416318 2986924
5046616 5508816
4742643 5746971
8918185 7677137
7230872 9687903
20 2 2674504
29 1 3724009
3 2 1651418
7 1 9227126
43 2 4276118
12 1 9732607
8 1 5440735
31 2 9553014
44 2 4582687
7 1 9668773
32 2 7133105
22 2 8025353
30 1 9622165
34 1 7525438
10 2 8454177
48 1 6555162
32 1 4778672
21 1 9960681
32 2 7942159
25 1 1824119
4 2 9943593
35 1 8608825
13 1 7617001
7 2 4580245
4 1 9856945
26 1 6560988
25 1 7869745
18 1 5170691
48 1 7614242
43 1 9050791
38 1 8920228
37 1 8049001
23 1 9063307
7 2 5627852
19 2 4692053
43 2 5878614
18 1 9005157
17 1 3725829
45 1 7698131
35 2 8475423
22 1 8773147
3 2 3774205
10 1 9272599
32 2 9655437
7 1 9691284
46 1 4748876
37 2 9972345
16 2 4626529
27 2 9177550
45 2 7334178
26 2 3571059
31 1 5334905
8 2 941383
42 1 6467341
19 2 4905207
36 2 5618325
12 2 9899036
11 2 9349413
27 1 9141351
28 2 6664369
33 1 4501258
49 1 9688823
7 1 9766051
40 1 9874385
31 2 9761918
9 1 9636234
38 1 9772065
18 2 4337139
27 1 9162308
38 1 9790449
31 2 9938375
3 1 3053658
18 1 9742172
35 2 9287888
26 2 8783101
21 1 9977651
40 1 9974660
29 1 8278092
17 2 8361537
24 2 9645034
48 1 9598368
40 2 3483204
25 2 8828351
45 1 9086399
14 1 9991968
38 1 9836495
11 1 8178911
14 1 9992506
6 1 2601618
27 2 9933225
39 2 8217294
40 1 9996128
42 2 8004705
32 2 9659688
30 1 9795466
41 1 9474133
40 1 9996869
37 1 8681562
11 2 9679787
20 1 6121609
