9 10 100
42 65 85 74 80 13 28 76 68 90
6 69 46 7 50 70 89 45 21 4
55 54 14 1 41 44 15 58 33 67
49 84 9 38 24 64 56 83 43 53
23 75 88 59 60 17 8 5 63 22
47 36 37 20 73 27 71 62 40 61
51 86 26 39 77 82 81 72 52 48
32 16 57 79 66 18 25 87 11 78
30 3 34 10 31 35 12 29 19 2
1 7 91
3 5 92
3 8 93
2 5 94
7 4 95
6 4 96
8 6 97
1 4 98
4 9 99
7 9 100
1 6 101
2 3 102
9 8 103
3 2 104
3 8 105
5 7 106
6 8 107
9 7 108
5 1 109
6 5 110
4 5 111
4 2 112
9 4 113
1 4 114
8 9 115
3 1 116
3 9 117
2 9 118
3 3 119
1 9 120
7 3 121
6 8 122
3 7 123
5 9 124
6 7 125
3 10 126
5 3 127
1 3 128
4 10 129
7 6 130
4 1 131
2 8 132
7 9 133
8 2 134
5 9 135
1 1 136
4 7 137
8 3 138
2 7 139
9 3 140
7 10 141
1 10 142
4 1 143
8 7 144
9 4 145
6 4 146
9 4 147
9 8 148
3 1 149
3 9 150
3 3 151
7 6 152
7 4 153
3 10 154
5 9 155
8 5 156
4 9 157
6 6 158
5 10 159
9 8 160
9 7 161
7 3 162
8 7 163
7 5 164
5 7 165
9 2 166
8 8 167
2 10 168
5 10 169
5 6 170
4 3 171
3 6 172
9 8 173
2 3 174
1 2 175
1 1 176
6 10 177
2 4 178
7 10 179
1 9 180
2 7 181
3 10 182
9 5 183
1 9 184
5 6 185
2 6 186
7 3 187
4 4 188
4 10 189
7 1 190
