10 9 100
63 68 1 36 11 38 79 23 12
7 15 43 9 49 84 6 25 52
33 48 56 76 71 13 5 47 41
16 86 17 57 21 70 44 82 46
65 62 28 32 66 10 67 30 64
60 34 39 19 26 20 45 89 51
18 81 90 29 35 72 54 27 80
8 78 4 85 22 58 24 31 61
37 55 42 3 75 74 69 53 77
59 88 40 87 83 73 14 2 50
10 4 91
5 3 92
10 3 93
7 1 94
3 9 95
10 6 96
10 3 97
5 1 98
8 8 99
1 4 100
4 8 101
5 2 102
8 8 103
8 4 104
9 8 105
10 2 106
5 2 107
1 7 108
10 2 109
8 1 110
2 2 111
3 7 112
6 4 113
10 1 114
5 7 115
3 9 116
8 8 117
9 4 118
5 5 119
2 6 120
7 4 121
4 2 122
4 6 123
4 9 124
3 9 125
10 2 126
1 7 127
7 8 128
5 7 129
6 7 130
8 5 131
4 4 132
7 1 133
6 8 134
2 1 135
6 8 136
2 1 137
8 6 138
9 7 139
7 7 140
5 2 141
7 7 142
5 4 143
7 5 144
6 3 145
2 6 146
8 6 147
1 2 148
4 9 149
9 7 150
3 6 151
10 4 152
1 9 153
6 5 154
3 8 155
8 5 156
7 1 157
9 7 158
4 6 159
6 3 160
7 5 161
1 7 162
6 4 163
5 4 164
1 7 165
5 9 166
9 6 167
10 7 168
7 4 169
4 1 170
6 5 171
10 9 172
8 1 173
4 8 174
8 6 175
2 7 176
2 9 177
5 5 178
10 3 179
6 8 180
5 4 181
9 9 182
7 2 183
1 4 184
2 4 185
1 7 186
5 6 187
10 4 188
4 1 189
4 8 190
