1 100 100
14 60 95 10 57 68 77 98 36 1 40 26 30 6 42 91 28 16 3 54 51 61 78 39 13 92 25 33 97 64 50 37 22 47 55 69 52 83 100 23 82 31 19 96 63 87 81 59 62 27 4 53 65 46 38 80 35 11 86 29 45 90 66 18 58 24 49 48 5 9 88 17 84 71 15 7 34 73 79 21 93 8 99 44 76 56 32 43 94 2 75 74 12 67 72 70 20 85 89 41
1 44 101
1 56 102
1 69 103
1 2 104
1 12 105
1 100 106
1 99 107
1 2 108
1 29 109
1 5 110
1 7 111
1 40 112
1 62 113
1 58 114
1 7 115
1 13 116
1 30 117
1 88 118
1 72 119
1 62 120
1 41 121
1 28 122
1 87 123
1 83 124
1 25 125
1 53 126
1 40 127
1 63 128
1 21 129
1 93 130
1 21 131
1 50 132
1 12 133
1 43 134
1 43 135
1 16 136
1 50 137
1 76 138
1 70 139
1 60 140
1 88 141
1 40 142
1 20 143
1 58 144
1 91 145
1 48 146
1 34 147
1 2 148
1 61 149
1 82 150
1 69 151
1 11 152
1 94 153
1 70 154
1 33 155
1 12 156
1 23 157
1 38 158
1 88 159
1 99 160
1 65 161
1 98 162
1 6 163
1 54 164
1 45 165
1 64 166
1 30 167
1 80 168
1 57 169
1 96 170
1 79 171
1 59 172
1 96 173
1 88 174
1 42 175
1 4 176
1 45 177
1 76 178
1 38 179
1 37 180
1 69 181
1 25 182
1 70 183
1 73 184
1 95 185
1 77 186
1 52 187
1 50 188
1 21 189
1 89 190
1 8 191
1 5 192
1 21 193
1 97 194
1 9 195
1 83 196
1 15 197
1 42 198
1 2 199
1 97 200
