2 50 100
57 72 8 23 79 16 78 50 51 62 76 11 93 54 66 97 3 17 65 39 30 24 22 100 41 34 71 25 86 46 33 15 19 35 5 47 64 98 48 92 60 32 84 88 94 1 13 99 52 20
6 56 42 63 27 31 85 12 7 68 69 90 45 87 10 75 53 74 83 2 67 91 29 70 37 44 96 40 73 38 18 28 77 55 59 95 4 21 58 14 89 61 9 81 49 26 82 36 80 43
2 19 101
1 28 102
2 32 103
1 11 104
2 28 105
2 41 106
2 44 107
1 43 108
2 39 109
1 9 110
2 48 111
1 34 112
1 7 113
1 28 114
1 7 115
1 47 116
2 27 117
1 15 118
1 1 119
2 28 120
2 48 121
1 42 122
2 5 123
1 23 124
2 42 125
2 45 126
2 8 127
1 26 128
1 34 129
2 16 130
1 8 131
1 38 132
2 21 133
2 3 134
1 9 135
2 28 136
2 10 137
1 25 138
2 48 139
1 1 140
1 38 141
1 29 142
2 28 143
1 25 144
2 14 145
1 27 146
1 15 147
1 18 148
1 7 149
1 41 150
2 2 151
1 24 152
2 17 153
2 48 154
1 43 155
1 26 156
2 49 157
1 28 158
2 26 159
2 7 160
2 10 161
2 17 162
1 20 163
1 25 164
1 31 165
2 19 166
1 19 167
1 45 168
2 29 169
1 7 170
1 14 171
1 42 172
1 50 173
2 26 174
1 5 175
2 44 176
2 19 177
2 37 178
1 39 179
2 42 180
2 19 181
1 39 182
2 31 183
1 1 184
1 3 185
2 16 186
1 22 187
1 33 188
2 18 189
1 34 190
2 26 191
1 5 192
2 23 193
1 12 194
2 36 195
2 48 196
2 45 197
1 24 198
1 34 199
2 28 200
