50 2 100
90 73
23 62
45 26
31 22
10 16
98 38
99 75
63 72
42 64
40 2
14 46
69 54
74 58
86 80
51 88
93 30
84 57
50 77
96 41
55 35
12 37
83 28
4 60
48 66
17 95
65 21
78 85
13 39
8 47
24 94
7 5
20 56
97 36
25 92
19 59
44 33
76 1
15 91
70 29
6 68
71 61
49 11
87 52
89 18
79 53
34 9
43 3
27 82
67 81
32 100
35 1 101
35 2 102
16 1 103
3 2 104
49 2 105
37 1 106
25 1 107
24 1 108
45 2 109
13 2 110
49 2 111
3 2 112
19 2 113
39 1 114
5 2 115
48 2 116
48 1 117
47 1 118
37 1 119
37 2 120
12 1 121
8 2 122
10 2 123
46 1 124
37 2 125
6 2 126
17 1 127
31 2 128
6 2 129
31 1 130
40 2 131
39 1 132
16 2 133
34 1 134
26 2 135
23 1 136
2 1 137
31 1 138
34 1 139
47 2 140
29 2 141
1 1 142
18 1 143
42 2 144
18 2 145
35 2 146
26 1 147
8 1 148
6 2 149
6 1 150
37 2 151
25 1 152
2 1 153
39 1 154
26 2 155
17 1 156
15 1 157
35 1 158
9 2 159
40 1 160
21 1 161
7 2 162
35 1 163
20 2 164
25 1 165
23 2 166
33 2 167
15 1 168
27 2 169
18 2 170
5 1 171
47 2 172
35 1 173
24 1 174
18 2 175
30 1 176
42 2 177
20 2 178
7 1 179
29 1 180
16 2 181
8 2 182
50 1 183
20 1 184
9 2 185
37 1 186
19 1 187
30 2 188
50 2 189
8 1 190
5 1 191
25 2 192
23 2 193
42 1 194
23 1 195
2 1 196
29 2 197
24 1 198
41 1 199
29 1 200
