10 10 100
9999801 9999811 9999821 9999831 9999841 9999851 9999861 9999871 9999881 9999891
9999802 9999812 9999822 9999832 9999842 9999852 9999862 9999872 9999882 9999892
9999803 9999813 9999823 9999833 9999843 9999853 9999863 9999873 9999883 9999893
9999804 9999814 9999824 9999834 9999844 9999854 9999864 9999874 9999884 9999894
9999805 9999815 9999825 9999835 9999845 9999855 9999865 9999875 9999885 9999895
9999806 9999816 9999826 9999836 9999846 9999856 9999866 9999876 9999886 9999896
9999807 9999817 9999827 9999837 9999847 9999857 9999867 9999877 9999887 9999897
9999808 9999818 9999828 9999838 9999848 9999858 9999868 9999878 9999888 9999898
9999809 9999819 9999829 9999839 9999849 9999859 9999869 9999879 9999889 9999899
9999810 9999820 9999830 9999840 9999850 9999860 9999870 9999880 9999890 9999900
1 1 9999901
2 1 9999902
3 1 9999903
4 1 9999904
5 1 9999905
6 1 9999906
7 1 9999907
8 1 9999908
9 1 9999909
10 1 9999910
1 2 9999911
2 2 9999912
3 2 9999913
4 2 9999914
5 2 9999915
6 2 9999916
7 2 9999917
8 2 9999918
9 2 9999919
10 2 9999920
1 3 9999921
2 3 9999922
3 3 9999923
4 3 9999924
5 3 9999925
6 3 9999926
7 3 9999927
8 3 9999928
9 3 9999929
10 3 9999930
1 4 9999931
2 4 9999932
3 4 9999933
4 4 9999934
5 4 9999935
6 4 9999936
7 4 9999937
8 4 9999938
9 4 9999939
10 4 9999940
1 5 9999941
2 5 9999942
3 5 9999943
4 5 9999944
5 5 9999945
6 5 9999946
7 5 9999947
8 5 9999948
9 5 9999949
10 5 9999950
1 6 9999951
2 6 9999952
3 6 9999953
4 6 9999954
5 6 9999955
6 6 9999956
7 6 9999957
8 6 9999958
9 6 9999959
10 6 9999960
1 7 9999961
2 7 9999962
3 7 9999963
4 7 9999964
5 7 9999965
6 7 9999966
7 7 9999967
8 7 9999968
9 7 9999969
10 7 9999970
1 8 9999971
2 8 9999972
3 8 9999973
4 8 9999974
5 8 9999975
6 8 9999976
7 8 9999977
8 8 9999978
9 8 9999979
10 8 9999980
1 9 9999981
2 9 9999982
3 9 9999983
4 9 9999984
5 9 9999985
6 9 9999986
7 9 9999987
8 9 9999988
9 9 9999989
10 9 9999990
1 10 9999991
2 10 9999992
3 10 9999993
4 10 9999994
5 10 9999995
6 10 9999996
7 10 9999997
8 10 9999998
9 10 9999999
10 10 10000000
