10 10 100
9999801 9999802 9999803 9999804 9999805 9999806 9999807 9999808 9999809 9999810
9999811 9999812 9999813 9999814 9999815 9999816 9999817 9999818 9999819 9999820
9999821 9999822 9999823 9999824 9999825 9999826 9999827 9999828 9999829 9999830
9999831 9999832 9999833 9999834 9999835 9999836 9999837 9999838 9999839 9999840
9999841 9999842 9999843 9999844 9999845 9999846 9999847 9999848 9999849 9999850
9999851 9999852 9999853 9999854 9999855 9999856 9999857 9999858 9999859 9999860
9999861 9999862 9999863 9999864 9999865 9999866 9999867 9999868 9999869 9999870
9999871 9999872 9999873 9999874 9999875 9999876 9999877 9999878 9999879 9999880
9999881 9999882 9999883 9999884 9999885 9999886 9999887 9999888 9999889 9999890
9999891 9999892 9999893 9999894 9999895 9999896 9999897 9999898 9999899 9999900
1 1 9999901
1 2 9999902
1 3 9999903
1 4 9999904
1 5 9999905
1 6 9999906
1 7 9999907
1 8 9999908
1 9 9999909
1 10 9999910
2 1 9999911
2 2 9999912
2 3 9999913
2 4 9999914
2 5 9999915
2 6 9999916
2 7 9999917
2 8 9999918
2 9 9999919
2 10 9999920
3 1 9999921
3 2 9999922
3 3 9999923
3 4 9999924
3 5 9999925
3 6 9999926
3 7 9999927
3 8 9999928
3 9 9999929
3 10 9999930
4 1 9999931
4 2 9999932
4 3 9999933
4 4 9999934
4 5 9999935
4 6 9999936
4 7 9999937
4 8 9999938
4 9 9999939
4 10 9999940
5 1 9999941
5 2 9999942
5 3 9999943
5 4 9999944
5 5 9999945
5 6 9999946
5 7 9999947
5 8 9999948
5 9 9999949
5 10 9999950
6 1 9999951
6 2 9999952
6 3 9999953
6 4 9999954
6 5 9999955
6 6 9999956
6 7 9999957
6 8 9999958
6 9 9999959
6 10 9999960
7 1 9999961
7 2 9999962
7 3 9999963
7 4 9999964
7 5 9999965
7 6 9999966
7 7 9999967
7 8 9999968
7 9 9999969
7 10 9999970
8 1 9999971
8 2 9999972
8 3 9999973
8 4 9999974
8 5 9999975
8 6 9999976
8 7 9999977
8 8 9999978
8 9 9999979
8 10 9999980
9 1 9999981
9 2 9999982
9 3 9999983
9 4 9999984
9 5 9999985
9 6 9999986
9 7 9999987
9 8 9999988
9 9 9999989
9 10 9999990
10 1 9999991
10 2 9999992
10 3 9999993
10 4 9999994
10 5 9999995
10 6 9999996
10 7 9999997
10 8 9999998
10 9 9999999
10 10 10000000
