4 25 100
9999801 9999802 9999803 9999804 9999805 9999806 9999807 9999808 9999809 9999810 9999811 9999812 9999813 9999814 9999815 9999816 9999817 9999818 9999819 9999820 9999821 9999822 9999823 9999824 9999825
9999826 9999827 9999828 9999829 9999830 9999831 9999832 9999833 9999834 9999835 9999836 9999837 9999838 9999839 9999840 9999841 9999842 9999843 9999844 9999845 9999846 9999847 9999848 9999849 9999850
9999851 9999852 9999853 9999854 9999855 9999856 9999857 9999858 9999859 9999860 9999861 9999862 9999863 9999864 9999865 9999866 9999867 9999868 9999869 9999870 9999871 9999872 9999873 9999874 9999875
9999876 9999877 9999878 9999879 9999880 9999881 9999882 9999883 9999884 9999885 9999886 9999887 9999888 9999889 9999890 9999891 9999892 9999893 9999894 9999895 9999896 9999897 9999898 9999899 9999900
1 1 9999901
1 2 9999902
1 3 9999903
1 4 9999904
1 5 9999905
1 6 9999906
1 7 9999907
1 8 9999908
1 9 9999909
1 10 9999910
1 11 9999911
1 12 9999912
1 13 9999913
1 14 9999914
1 15 9999915
1 16 9999916
1 17 9999917
1 18 9999918
1 19 9999919
1 20 9999920
1 21 9999921
1 22 9999922
1 23 9999923
1 24 9999924
1 25 9999925
2 1 9999926
2 2 9999927
2 3 9999928
2 4 9999929
2 5 9999930
2 6 9999931
2 7 9999932
2 8 9999933
2 9 9999934
2 10 9999935
2 11 9999936
2 12 9999937
2 13 9999938
2 14 9999939
2 15 9999940
2 16 9999941
2 17 9999942
2 18 9999943
2 19 9999944
2 20 9999945
2 21 9999946
2 22 9999947
2 23 9999948
2 24 9999949
2 25 9999950
3 1 9999951
3 2 9999952
3 3 9999953
3 4 9999954
3 5 9999955
3 6 9999956
3 7 9999957
3 8 9999958
3 9 9999959
3 10 9999960
3 11 9999961
3 12 9999962
3 13 9999963
3 14 9999964
3 15 9999965
3 16 9999966
3 17 9999967
3 18 9999968
3 19 9999969
3 20 9999970
3 21 9999971
3 22 9999972
3 23 9999973
3 24 9999974
3 25 9999975
4 1 9999976
4 2 9999977
4 3 9999978
4 4 9999979
4 5 9999980
4 6 9999981
4 7 9999982
4 8 9999983
4 9 9999984
4 10 9999985
4 11 9999986
4 12 9999987
4 13 9999988
4 14 9999989
4 15 9999990
4 16 9999991
4 17 9999992
4 18 9999993
4 19 9999994
4 20 9999995
4 21 9999996
4 22 9999997
4 23 9999998
4 24 9999999
4 25 10000000
