25 4 100
9999801 9999802 9999803 9999804
9999805 9999806 9999807 9999808
9999809 9999810 9999811 9999812
9999813 9999814 9999815 9999816
9999817 9999818 9999819 9999820
9999821 9999822 9999823 9999824
9999825 9999826 9999827 9999828
9999829 9999830 9999831 9999832
9999833 9999834 9999835 9999836
9999837 9999838 9999839 9999840
9999841 9999842 9999843 9999844
9999845 9999846 9999847 9999848
9999849 9999850 9999851 9999852
9999853 9999854 9999855 9999856
9999857 9999858 9999859 9999860
9999861 9999862 9999863 9999864
9999865 9999866 9999867 9999868
9999869 9999870 9999871 9999872
9999873 9999874 9999875 9999876
9999877 9999878 9999879 9999880
9999881 9999882 9999883 9999884
9999885 9999886 9999887 9999888
9999889 9999890 9999891 9999892
9999893 9999894 9999895 9999896
9999897 9999898 9999899 9999900
1 1 9999901
1 2 9999902
1 3 9999903
1 4 9999904
2 1 9999905
2 2 9999906
2 3 9999907
2 4 9999908
3 1 9999909
3 2 9999910
3 3 9999911
3 4 9999912
4 1 9999913
4 2 9999914
4 3 9999915
4 4 9999916
5 1 9999917
5 2 9999918
5 3 9999919
5 4 9999920
6 1 9999921
6 2 9999922
6 3 9999923
6 4 9999924
7 1 9999925
7 2 9999926
7 3 9999927
7 4 9999928
8 1 9999929
8 2 9999930
8 3 9999931
8 4 9999932
9 1 9999933
9 2 9999934
9 3 9999935
9 4 9999936
10 1 9999937
10 2 9999938
10 3 9999939
10 4 9999940
11 1 9999941
11 2 9999942
11 3 9999943
11 4 9999944
12 1 9999945
12 2 9999946
12 3 9999947
12 4 9999948
13 1 9999949
13 2 9999950
13 3 9999951
13 4 9999952
14 1 9999953
14 2 9999954
14 3 9999955
14 4 9999956
15 1 9999957
15 2 9999958
15 3 9999959
15 4 9999960
16 1 9999961
16 2 9999962
16 3 9999963
16 4 9999964
17 1 9999965
17 2 9999966
17 3 9999967
17 4 9999968
18 1 9999969
18 2 9999970
18 3 9999971
18 4 9999972
19 1 9999973
19 2 9999974
19 3 9999975
19 4 9999976
20 1 9999977
20 2 9999978
20 3 9999979
20 4 9999980
21 1 9999981
21 2 9999982
21 3 9999983
21 4 9999984
22 1 9999985
22 2 9999986
22 3 9999987
22 4 9999988
23 1 9999989
23 2 9999990
23 3 9999991
23 4 9999992
24 1 9999993
24 2 9999994
24 3 9999995
24 4 9999996
25 1 9999997
25 2 9999998
25 3 9999999
25 4 10000000
