5 5 100
9999876 9999877 9999878 9999879 9999880
9999881 9999882 9999883 9999884 9999885
9999886 9999887 9999888 9999889 9999890
9999891 9999892 9999893 9999894 9999895
9999896 9999897 9999898 9999899 9999900
1 1 9999901
1 2 9999902
1 3 9999903
1 4 9999904
1 5 9999905
1 1 9999906
2 2 9999907
3 3 9999908
4 4 9999909
5 5 9999910
1 1 9999911
1 2 9999912
1 3 9999913
1 4 9999914
1 5 9999915
1 1 9999916
2 2 9999917
3 3 9999918
4 4 9999919
5 5 9999920
1 1 9999921
1 2 9999922
1 3 9999923
1 4 9999924
1 5 9999925
1 1 9999926
2 2 9999927
3 3 9999928
4 4 9999929
5 5 9999930
1 1 9999931
1 2 9999932
1 3 9999933
1 4 9999934
1 5 9999935
1 1 9999936
2 2 9999937
3 3 9999938
4 4 9999939
5 5 9999940
1 1 9999941
1 2 9999942
1 3 9999943
1 4 9999944
1 5 9999945
1 1 9999946
2 2 9999947
3 3 9999948
4 4 9999949
5 5 9999950
1 1 9999951
1 2 9999952
1 3 9999953
1 4 9999954
1 5 9999955
1 1 9999956
2 2 9999957
3 3 9999958
4 4 9999959
5 5 9999960
1 1 9999961
1 2 9999962
1 3 9999963
1 4 9999964
1 5 9999965
1 1 9999966
2 2 9999967
3 3 9999968
4 4 9999969
5 5 9999970
1 1 9999971
1 2 9999972
1 3 9999973
1 4 9999974
1 5 9999975
1 1 9999976
2 2 9999977
3 3 9999978
4 4 9999979
5 5 9999980
1 1 9999981
1 2 9999982
1 3 9999983
1 4 9999984
1 5 9999985
1 1 9999986
2 2 9999987
3 3 9999988
4 4 9999989
5 5 9999990
1 1 9999991
1 2 9999992
1 3 9999993
1 4 9999994
1 5 9999995
1 1 9999996
2 2 9999997
3 3 9999998
4 4 9999999
5 5 10000000
