70 70 5000
932 4677 1059 173 2680 4148 372 4643 466 1589 4217 2199 2619 1613 3205 4378 1718 404 3477 4409 2382 429 2290 1619 3417 1343 2615 313 1680 1574 1698 853 2686 3347 434 2460 1489 1912 3414 1551 798 2065 1844 3704 435 1444 2603 4400 1030 700 4055 2556 4049 3655 2620 2320 3436 1897 2055 4898 4422 2435 4197 3808 1985 3112 4527 4449 2956 927
4639 3485 551 2827 3928 2187 2136 3736 3558 2590 3257 1887 2705 4821 2137 1258 3055 1672 1889 4710 767 1870 2046 2643 3540 3773 3902 1695 1540 2789 265 3865 2308 1723 1726 3155 2323 3042 2072 3495 681 3815 4841 3605 1604 2430 1153 2540 4407 4143 88 1733 3612 3487 2891 877 872 4801 3202 2693 4204 1388 4236 387 1491 2054 4099 4438 4275 4160
236 1788 3581 3403 4413 4705 4030 3881 1475 1115 4389 2992 1026 4088 2770 1959 1003 1093 371 4709 3022 4534 3463 734 2453 4464 1252 4235 532 2343 2949 2497 979 3525 3834 4265 554 1533 1268 2400 136 744 1787 728 4624 324 2238 2115 337 1863 28 1792 346 1984 471 4256 3127 4652 2445 2965 190 267 689 974 4345 821 3441 1514 3029 2709
64 179 4878 896 57 745 1242 826 2324 2626 2822 629 1657 2873 389 3160 3579 4653 2784 680 223 3996 2195 1409 2785 4899 1464 4638 3746 1184 476 3366 1340 4843 1038 2732 4736 3128 112 4439 787 2299 2815 1659 4393 2561 1244 1493 1113 1257 3040 1374 4848 3980 906 1748 1055 4219 4711 796 2029 1080 758 918 4250 3939 1403 1305 225 2870
3137 1032 3766 268 2776 1301 1782 670 2253 3696 2905 1584 2944 959 971 2185 275 140 4825 3075 1000 4520 1616 4009 1183 1565 4508 2990 1139 4797 2576 836 2169 2403 3759 414 1482 297 3255 201 1965 1410 3332 4157 3344 50 3888 4880 4448 3254 4418 3541 4163 886 989 430 1740 2346 4689 1492 2769 733 2999 677 1930 2262 213 3434 1763 883
1741 4064 3575 969 4133 105 2724 4423 2651 95 3260 1515 3940 591 555 568 2482 4048 23 1973 3749 3024 2969 3346 603 2791 4331 1037 2566 1500 3767 1306 1954 4381 2937 2835 2900 2612 860 2052 747 4732 2058 4027 2261 2889 2979 1045 3173 2517 2866 3962 2830 2974 4456 4181 4289 1034 3889 957 4221 2288 3982 1580 2138 2621 3153 790 3770 2063
4783 2743 4347 606 4812 4045 1363 3250 879 1296 2434 2019 4051 17 2507 4231 1445 785 4200 3978 1583 2902 326 1149 3893 189 1663 2233 3157 3378 2661 1430 351 993 1986 2145 2222 1058 1637 4654 2501 245 1567 2338 4279 3961 1319 474 4004 2292 1152 4335 3917 2060 2682 4135 3552 2477 1803 293 1449 2602 3401 1652 4491 1795 1342 1353 3513 1135
637 1452 4742 1246 1314 3154 4768 3391 3349 4755 2175 4075 4199 4614 2443 2745 210 1559 1012 1066 141 42 101 2926 3972 3444 2330 4300 1439 2217 1273 3601 1728 65 3850 692 2885 2478 3321 764 1810 3699 545 3372 2171 1913 2856 317 2559 287 1096 2142 4433 3958 2744 4193 4691 1112 495 198 4754 1397 1348 4178 1854 2729 2679 4804 176 362
1553 950 3916 3152 4270 1162 1568 1448 910 4149 3800 4620 3466 1070 3249 2929 244 1545 4180 1812 3368 1865 2426 3186 2080 3985 2336 2723 2496 697 2180 688 1953 536 3871 1650 4176 3214 4474 1799 2013 1882 3275 2987 1670 1955 2707 2231 1915 392 4058 1651 2007 1504 2895 3569 4767 717 2409 1047 2513 628 3227 3270 3634 2595 1603 4548 488 3357
2838 1142 4078 2365 1156 1681 3918 4343 2010 485 2079 3938 4662 3567 4230 3822 693 4330 2939 115 3952 2104 1588 1905 4435 2696 4863 4451 4459 4485 1471 4778 3635 885 3285 2151 2936 4358 4867 3960 2882 3547 207 4486 3559 2226 3306 4093 2146 4665 3631 4727 1336 1530 2922 4543 1918 3134 3618 2494 1859 4214 4444 2491 463 259 2653 2183 4454 114
3066 4129 1326 2372 3195 1399 3900 2981 303 273 3907 2164 162 4073 31 658 2648 2425 1132 1573 3702 1791 3063 109 3677 4647 2359 1466 2631 3619 1233 3472 4087 2704 3460 4865 1932 2286 2714 2473 447 12 3554 524 3608 6 3475 4105 1401 898 861 451 4036 2386 1179 2988 926 2181 2246 3720 2646 3932 994 1438 3597 1900 2212 1744 4237 194
3305 922 3303 3517 2672 2228 634 3747 3685 1802 2155 4201 4232 1935 3492 2872 3145 2275 710 3493 3855 1883 4302 4369 2405 3317 1873 5 4039 3188 3397 1813 117 4031 537 1254 3443 1218 2774 3661 458 1393 849 899 309 2024 1715 4481 3362 35 211 1406 3073 4311 3895 4479 1370 310 732 2128 1552 10 662 1155 1008 2788 4203 4085 1837 1040
3235 4316 1581 652 1675 521 2512 4888 3557 4850 2914 672 2633 2027 2481 1098 4570 3409 3968 4746 4513 3279 2053 1361 3189 4743 4493 300 619 1907 2989 1943 3884 2230 4441 501 106 3053 4484 4473 4127 1878 315 2152 4840 4834 4640 2313 475 850 4526 3670 1747 2555 4366 1759 2221 3450 4244 3421 426 3600 771 1734 3590 1354 2800 1077 1772 3453
4401 1154 599 1057 1690 1411 1071 3280 567 1908 4739 2516 2329 1982 3922 4492 4146 1641 4802 3384 3914 1841 1356 4062 1751 3863 709 1834 859 3435 3986 2376 3148 2484 4115 1923 3396 4272 1517 695 4860 1054 1198 1100 1840 4425 1072 1158 452 1335 1068 2564 1427 4669 4254 2086 855 3416 2761 1172 2278 813 3787 1771 3515 4649 3931 2049 2948 793
3326 1281 328 1704 1824 2160 3839 4173 523 2928 890 1127 4050 2594 242 1440 4839 2447 1407 2713 1774 3987 990 3213 137 2355 246 2380 1323 386 276 915 610 4082 3651 504 2805 1956 1780 1394 388 20 2287 2722 1414 2252 4018 3217 2879 3034 675 1786 1015 2113 2385 902 1731 2915 4505 2526 552 215 4525 624 228 2920 2488 2764 3805 4528
3356 2059 2450 2220 2030 302 3707 3894 2209 3355 3512 632 2899 1289 2276 3423 3231 4730 593 108 980 4443 1952 3263 1011 3192 4838 1893 1649 4645 2588 781 2014 556 4563 4483 3570 2711 1513 494 1992 1716 1365 2524 3287 2634 3149 3595 755 4019 262 4417 3726 2972 4192 640 4835 2823 3666 1192 3966 4101 36 741 871 1903 1828 769 4875 24
882 3328 3301 1473 2242 1175 2026 831 4380 3658 3336 4480 3499 331 427 2102 4182 2093 564 3056 1086 4696 2354 3891 1420 3505 589 2694 1282 4579 2114 1035 47 1700 2367 185 559 864 1842 511 626 3650 542 165 3194 3049 687 2401 873 983 2356 1079 2528 327 277 1820 1022 3846 546 4119 1845 135 2831 2133 4296 4367 413 203 1610 2105
3548 2664 4202 3723 4083 2098 961 3616 1642 1276 833 4361 3080 4189 4028 4298 145 1429 4883 3190 1628 4856 803 1646 962 3182 4753 1209 4140 496 2918 2041 4847 3607 3308 782 668 4175 3018 3947 1605 2103 139 3572 3830 183 1717 3820 3506 3062 1358 4029 3051 3076 4789 1199 4005 2456 2640 2008 538 4313 4819 230 320 1495 2550 4612 3756 4156
4656 2960 739 3070 3212 1921 84 2878 409 2650 4205 3023 818 4044 3823 2458 2129 290 1 2842 4853 3509 4490 2112 1962 4672 2901 3790 4893 3486 1041 4573 2952 3079 924 26 1136 3930 3410 4588 4359 3761 4153 976 2967 27 1091 2318 503 4060 1746 133 1364 3488 660 2471 2639 2930 1095 2304 3508 4882 3425 180 791 3965 3004 2730 82 78
4324 4566 2898 4239 432 1017 2398 3 1508 2525 2754 4703 3284 1660 2720 2955 3363 4158 4145 2202 2162 641 756 2476 2037 39 4859 316 3539 4376 1202 489 4664 2448 1857 1144 1621 799 1324 3768 3945 2451 240 1031 4280 4651 3399 1528 2254 804 3179 497 3238 608 4350 195 2186 746 2932 3862 3583 3380 3201 3316 4887 945 1042 437 1497 487
1105 322 876 16 3592 3185 2718 1332 595 2970 3082 3582 4226 3984 2349 1104 949 4104 1781 1239 3679 3663 4432 2748 3510 4757 1917 1210 2721 1442 4477 3652 4431 1995 1094 4523 3854 2043 4593 438 4544 4042 3334 3637 1941 2390 2259 3035 2392 2801 4012 975 3302 3360 1434 2025 4646 2567 3691 2311 3538 3044 714 1052 806 450 1288 3445 2953 1150
3068 1644 1056 2011 1615 1338 4392 664 4657 1250 1948 1001 237 512 1109 7 3019 1662 125 226 177 586 3533 3620 269 2531 2312 775 1171 1178 1316 2452 3743 1418 4681 1028 1548 2281 4410 3370 4552 248 266 3282 1211 2039 4877 1518 1220 916 3882 1848 3016 917 4241 3351 2726 2260 2909 2684 4391 1131 1618 625 3215 1575 2942 3385 312 1168
4695 85 4023 4166 1936 2277 2239 4679 827 4351 3524 4471 870 2700 3765 2341 3341 111 417 1362 130 2439 2794 1814 3629 3872 1381 492 178 3630 2583 91 2859 456 2903 1924 3763 338 2316 3020 29 967 3613 2611 3294 1719 4274 2876 1689 2465 2703 584 4436 3086 3296 614 490 2893 171 4642 754 2165 867 3164 3291 2869 951 167 3197 903
1146 3876 170 2124 3118 1229 1679 209 2807 1169 1712 3645 3208 2402 1459 2214 4364 2184 3659 4079 2172 1805 722 887 3090 3604 3484 4138 3307 2110 2946 2772 1868 661 3237 2852 3973 3550 3482 2715 2197 4052 659 3994 1044 1798 1387 1525 2397 3032 40 2916 4314 2642 1271 3177 1557 2984 1235 3782 2223 459 4462 2097 1121 2504 4721 630 3523 1283
1227 1284 2585 683 992 1078 2510 376 4589 1331 2545 1083 3226 4424 4091 1461 1425 3167 37 4011 4125 834 3114 1453 3504 3266 2716 3348 4225 2867 473 2437 582 1167 2295 4152 4194 698 2317 3730 1699 1594 1007 2441 2740 4619 1978 645 2677 3708 1693 2109 1018 3571 4467 2325 75 900 1123 3724 1061 120 1631 2235 263 428 325 1302 1990 2490
1159 3780 809 1758 4598 1509 4537 1754 1904 3094 2166 4066 364 3587 4582 2446 653 3314 348 4139 402 343 1125 1060 4510 3311 3632 4502 2786 4074 519 1770 3866 808 895 4259 3705 878 4499 285 270 2843 2543 4442 1386 231 2669 4161 779 4497 4758 4795 360 3573 123 1345 1654 4234 4707 2148 2763 968 2158 3535 1944 3207 1622 856 3479 588
2818 3419 778 2408 454 611 2023 2351 2810 4630 1333 4326 4740 4775 3191 2522 655 1742 1665 1134 4211 1069 577 4627 4399 4547 90 1664 3138 4218 1707 4356 3798 2159 1817 4333 1181 2623 2809 3240 121 2375 2762 3638 4610 499 1823 1043 349 3171 2085 3974 3352 4179 3752 3239 3714 2207 187 3320 956 663 509 1099 2957 2424 2881 4240 1119 2293
1432 550 401 4591 1950 676 3011 1499 2266 3844 4246 3667 1292 1945 2116 4602 1502 3946 4273 2464 1706 1895 1617 2935 3006 2371 2950 3942 1833 4263 394 1087 221 4067 1756 1217 4154 358 884 2506 4242 73 4342 2896 407 1602 570 168 623 1885 1467 3810 1522 415 997 1204 2701 3361 4106 1590 2757 1092 1922 2802 3617 3744 4833 382 1735 1683
4629 901 1964 2084 1843 2538 2846 1929 354 2042 3427 2272 999 4397 4131 1890 4530 4806 3187 341 2154 3184 4495 97 837 3168 3429 1629 2845 3199 1708 3814 2348 3944 4494 4268 1711 4487 2170 1377 651 627 4144 786 3909 3615 2012 107 1796 1934 3462 4095 482 3841 3398 1480 3621 2108 2255 1285 4245 773 685 100 1855 2271 2798 2352 146 4071
4349 911 2532 3299 1402 544 851 2475 3588 2658 2733 4625 1702 4792 3793 196 3676 3001 2780 1073 3273 4715 4408 2655 2061 3507 3103 4720 443 735 4299 410 3057 2697 1666 4264 2746 3807 2848 1286 3120 3418 3654 306 3856 288 2498 2139 893 4377 4249 4735 3904 4729 3365 3799 1775 573 467 2520 1224 1470 4884 4295 2954 4509 2628 4702 4603 3803
1029 3021 1639 4084 3424 4744 4402 2150 3781 4722 339 4134 4262 1468 1785 506 191 3242 334 367 1262 977 3209 4692 553 2244 2078 708 4379 839 4823 4870 596 4007 1730 1696 3869 1307 2766 3735 1193 4559 3671 4363 1531 2332 1991 2868 379 684 2973 204 274 1304 4190 1815 3400 32 3837 1874 4040 4765 4136 71 2551 3826 3913 1951 1186 4415
4034 2161 202 711 1423 3908 3289 2656 690 2018 4080 1248 925 299 2391 4815 3993 3796 2495 3166 3045 4521 2436 465 1360 4374 4686 3625 2563 1556 4255 3245 4001 3527 1989 4210 1180 3551 1230 4584 1014 1234 4585 865 531 4458 4429 777 3382 493 3376 2571 3695 2388 314 1806 4206 2861 3906 2689 4419 1773 1819 4725 1836 3297 4332 2681 4868 271
2144 1111 4549 617 4132 2906 2604 1749 520 1825 134 2913 2783 2976 761 1415 2683 2141 150 1822 142 3345 4103 3476 4013 3125 422 3967 2892 3627 2004 2028 3402 4124 2499 2101 1241 705 1165 2983 3246 2321 942 2978 4604 605 4550 3448 788 720 175 1648 4126 4762 1431 2652 2194 3828 116 1240 3322 477 67 222 340 1506 2924 13 525 2147
4529 345 1476 2156 4595 2910 4414 3300 1088 1226 72 2326 2630 3643 3520 3784 21 1852 2834 2358 3636 3468 1128 280 3698 2542 4632 4690 2020 4472 3920 2467 1946 4310 2251 3890 2361 3903 296 4728 1647 2637 2742 1082 845 3606 2269 11 3892 1769 752 59 353 2706 4532 1762 25 964 3709 1875 737 3941 3043 4594 891 618 1065 264 783 719
2977 636 1549 1076 1450 4892 2858 2092 1195 2675 2894 875 2201 4539 2066 3101 3591 457 1053 4787 1542 4187 2364 4786 4375 425 1270 648 3574 152 1939 249 2562 2993 2573 3277 1998 2399 4562 1876 3007 350 4382 4634 1422 2417 4122 3956 4220 576 4683 1697 4446 3898 597 2811 4266 279 563 2203 857 1961 3439 1739 1601 4297 691 3206 2289 4227
2609 3121 4469 3096 2753 794 4849 1118 2636 3295 2635 3563 4164 4002 4026 1587 3791 2982 533 3089 431 1818 286 2548 3243 3549 3521 3514 1768 4606 2580 822 2617 3054 2608 1535 216 3611 1582 4498 1315 1832 359 2530 948 3577 4315 1821 2527 2625 1764 4116 1894 3298 1176 633 1902 1196 68 4360 4177 1888 3180 3124 1237 3048 3943 4553 2593 984
516 3633 174 616 666 3680 4655 4738 4137 4411 4294 4457 4866 2118 229 1389 2306 3717 2483 2006 3700 1215 4611 4403 3310 929 1380 1456 3375 155 1161 3687 446 561 2514 4798 4796 406 1436 2377 3271 256 1872 3745 2610 3703 4718 4644 1446 478 479 4829 3256 3223 464 3373 4769 2267 1958 212 423 2587 518 449 3026 217 4141 4763 1051 3144
3690 846 3503 4776 2021 1157 2725 104 3404 1189 1290 840 2771 3324 373 3183 4567 63 1303 3662 4759 1379 2814 4587 3580 2598 2378 4353 3727 4340 60 812 1979 3074 1721 2035 3694 3210 3003 2250 3059 4565 147 2698 2534 3106 4873 1856 4228 2463 3359 3224 1753 3537 1477 2474 3413 2407 381 1916 1063 2247 80 4760 1972 4818 8 869 3265 642
2123 1458 4807 1724 2273 3422 2429 2670 1312 3330 2841 1732 1714 2322 4196 1526 1107 1469 4531 598 3097 4465 1800 3733 93 2056 1544 800 3333 1725 2829 4895 200 3531 3392 541 2291 3123 3585 973 702 2687 2167 2427 1634 151 3964 4450 982 763 1632 1593 888 224 543 1255 1487 2825 620 3824 4879 1685 4650 2305 3804 3087 2518 1586 3873 4636
1511 1006 282 1441 400 4337 281 583 814 1048 3083 774 3668 4605 1633 86 4320 4844 99 4661 2309 4697 742 866 4128 4455 2163 403 4398 1537 2303 1182 2033 3394 3451 2565 772 319 2360 4287 3244 3081 4813 1009 1201 569 4212 4059 2908 1019 1547 1920 4309 169 3318 2775 19 318 4676 4571 725 3801 2568 218 2657 4038 3198 55 712 1620
3312 2440 1543 4109 2208 1596 4517 2663 1122 2912 1024 2218 2225 1421 3546 3204 1137 1643 832 784 2379 126 4113 2077 3014 163 2618 2363 4784 1766 3456 4014 4098 843 205 1398 4648 241 2624 1898 1428 2945 2413 1330 2773 4171 548 2690 3786 4387 2064 2808 1701 181 2200 1451 4319 854 2232 2749 716 4046 251 2997 395 3762 4033 2339 3664 2925
671 164 792 592 1638 1858 227 4876 232 528 4897 1163 2069 4252 3544 3339 830 87 1860 1261 188 77 4386 4756 1004 946 1911 995 74 3129 1140 604 4308 4851 2632 2362 304 4583 3447 2016 4514 1928 4682 1827 4271 2998 3490 2001 2302 3395 3039 770 2068 4777 907 2094 3162 405 58 829 936 4522 3264 4663 4515 2659 1976 810 2070 748
3710 333 1013 184 1148 2081 4781 4751 1084 1527 2091 2668 2257 3464 49 1940 45 1108 2991 1737 3948 391 2438 3742 2986 649 4174 3381 2327 2803 978 4223 4292 510 4286 4461 2331 3099 970 235 1826 2577 4097 3315 1983 4666 966 2849 3623 3139 172 1999 4637 1346 433 3785 4123 3660 3259 4623 1174 1585 3028 4090 3665 3216 3649 4791 4555 2422
4301 3267 3927 2089 1391 1298 3337 965 3532 2549 2454 1564 1600 4043 3802 960 1562 2660 718 2131 4628 2076 468 3085 1960 3610 408 952 1185 3452 3712 4453 292 1994 2674 3949 3999 1327 2126 3222 2205 2875 4086 944 1570 1988 3936 1251 3845 797 3848 2592 4699 2368 3689 954 4482 3130 933 529 2419 3031 2022 1947 3109 4808 4325 4817 1534 4322
1317 4830 3433 1203 1736 4607 4782 3498 4590 1949 3511 1505 1692 4761 4025 3701 3806 2134 3831 161 931 131 4370 740 594 3656 445 2535 1636 4673 805 4503 940 3354 4535 4385 2767 1036 3997 352 2249 2486 3576 3161 469 3017 2241 368 2310 3812 1404 2279 3628 3108 2864 2044 1321 3104 1927 635 1478 4896 3732 1538 1671 1266 3925 998 3389 3052
2034 654 1668 4855 1039 2120 4041 928 4524 1609 4470 1328 4372 2736 3158 3136 3025 2005 1334 3143 3776 881 336 1294 4800 958 62 704 2886 3721 461 4198 4613 4094 4354 2319 3516 2883 3388 751 1676 4772 3977 2837 3064 2558 3789 835 4719 44 2229 2099 565 3543 4035 3065 1572 260 1050 842 3181 4558 795 2428 4222 483 1592 4554 4053 1776
613 1667 462 3163 757 2433 4243 3957 1997 1049 41 923 4745 1611 2584 1658 507 2519 2596 2431 30 3874 4861 4671 750 2173 4460 1807 4434 4779 1862 581 3141 3432 1899 3816 3364 4110 1260 1010 2917 2442 2961 3146 2790 2414 572 4780 3274 2204 3092 335 247 4057 3959 609 308 2472 1383 4224 1126 909 3725 2782 2572 3009 2236 4305 3203 4021
4047 3774 4248 646 4437 4165 3755 397 2606 4668 1299 1085 2062 1416 3390 2328 2647 1971 272 2258 3169 1259 3851 2412 897 3739 1966 2248 3545 1738 3174 1713 4170 4373 3921 4215 1608 4576 1311 2962 3126 4506 3350 330 2420 3813 4291 1981 1816 2871 2227 4346 156 4102 2940 3269 2695 1488 2649 3393 2985 4404 2536 2122 1626 1197 3406 4533 370 4874
4159 3561 2215 3675 1297 1339 2890 1408 1765 4635 706 4580 2416 3420 3686 1529 2605 682 4574 1279 3219 1265 2575 1384 4010 4891 4365 1705 1114 1804 436 2755 1274 3067 2884 3840 4277 3975 298 1987 549 1709 3367 3480 1968 3860 1481 2797 1187 4858 1830 2224 4024 2132 1287 321 3740 3491 76 2547 4069 2300 4284 622 2045 1850 3268 2515 2747 607
369 2384 4281 3566 715 1523 2523 1253 3995 1170 2777 3819 4845 1318 4674 562 3603 2759 284 3858 283 1225 3100 4421 1752 4092 3455 1656 868 602 2666 2285 2462 3047 1880 3211 3857 760 3669 3817 4551 1694 4889 3528 3565 3165 4641 4384 2921 2768 2178 2578 4306 3467 3589 2411 3178 2758 1778 2521 3383 2844 1886 560 1566 1295 2480 3692 2975 1919
3919 250 3196 4344 4108 4824 1264 2374 2971 612 4496 2125 4238 4395 3905 1635 4076 2461 2597 1378 2240 3609 2135 1308 2994 453 4678 2820 2860 3883 981 2415 3415 1720 558 2274 2410 4822 1703 355 2198 3358 253 143 4546 1578 4747 3929 2003 1472 4770 580 1194 3593 3875 3236 34 2968 3741 2301 2017 110 2795 955 4749 4020 3764 1942 257 4258
158 2345 2817 1322 4478 2404 3777 841 3526 2394 154 3276 3278 1349 2090 639 4900 1760 3405 2833 2699 4561 1789 4440 2702 2393 1275 3843 3107 701 4773 721 3172 4327 713 4596 540 1561 2799 2418 2579 2268 3335 3261 1329 1102 2140 2340 920 4814 356 153 448 384 186 3200 4694 3753 1688 4536 103 2662 472 1938 378 3915 647 2581 517 1016
3038 4118 3728 2717 1853 2678 3971 1767 3991 650 2009 4794 3979 2959 2546 4068 4288 3258 3829 1376 2121 363 1891 938 1933 1133 2553 1884 214 724 102 1490 4253 1355 2487 3459 4303 3115 1686 2897 502 4003 2040 3518 500 3788 1188 4151 193 3896 828 1117 3446 4006 2075 3061 2074 424 2179 1081 1563 1390 2468 4872 904 776 4538 3078 1359 4169
2863 817 1507 1373 1546 1238 1207 678 2157 4793 3748 53 508 1412 2963 4568 753 3886 2500 600 3478 914 4660 1320 4168 4799 3234 3693 2911 4209 621 81 1554 2708 1190 823 2455 2641 3899 824 1625 738 1219 4575 1067 4542 411 48 1395 4257 92 2816 2015 2350 4809 1645 4396 3489 1569 2840 694 1784 2728 657 557 1417 4862 1757 2836 807
2117 3426 3156 69 4609 2511 1313 3811 420 1090 3951 1577 4233 2191 2539 2691 2051 2177 1963 3036 2106 749 385 219 2966 1474 3769 1861 4015 2933 2552 3225 3147 375 2821 4261 1684 1627 2787 4716 2237 1130 858 3594 4750 2449 534 4633 2781 3937 4511 3602 4357 3304 3657 2383 939 2088 2752 4741 418 1231 880 66 2493 441 4117 4208 2737 4183
2373 1866 377 3912 3343 4195 2432 3835 3292 1164 122 2793 1278 4191 1256 2591 1097 801 1501 1413 2265 3119 1539 440 1191 1612 2727 4810 3033 3758 3241 3247 2096 1510 3037 2143 2828 1272 526 985 289 4608 2509 4667 3792 3880 3564 361 3955 2607 1213 3093 4155 3095 3879 2804 2243 1560 3542 2502 2505 656 669 4712 4617 1138 2067 988 3110 816
4107 1291 905 1371 1595 2847 4675 238 3897 530 51 1910 129 1931 1957 547 4405 1977 1020 4569 820 3729 1141 667 412 3976 1375 4267 70 307 1396 347 2824 4162 3084 3252 4601 848 149 1347 2211 3731 3682 1555 1809 3325 4186 2296 585 1967 3150 1867 160 2851 991 2586 2270 4857 3229 930 3386 874 2582 396 3646 119 1368 4251 913 4881
239 587 1710 94 4282 1484 2280 4229 3578 1869 3058 233 3293 1743 1033 3683 1536 4541 2739 2951 2366 2047 4452 18 3809 2294 4488 2127 1236 2057 1232 3102 3556 4008 208 4700 2508 539 1177 89 1606 4616 3754 3624 1496 1630 2216 4556 4054 2344 1783 3827 3715 199 2130 3230 3536 3071 2234 1678 3000 4831 1980 768 3369 234 144 4622 1089 2031
2347 4065 3838 1455 455 811 2395 3877 1023 1443 4336 3371 2760 3568 2570 1486 3639 1106 2459 1046 4693 3842 1597 1909 3772 258 3494 4321 3313 3853 4420 365 4615 2002 4430 2190 3428 2627 255 2396 4341 2943 2245 3122 4475 3818 1351 2544 2865 736 3861 3288 3868 921 3218 3050 3530 3338 1839 157 2206 22 3998 3248 522 4621 1790 2219 2554 166
4706 2485 892 4658 1599 3142 4269 3027 3911 1722 1512 3989 3847 3175 674 996 96 802 4339 1243 4063 3088 15 4764 4885 9 4412 56 3797 311 1002 4713 1145 2614 1074 2601 2492 3193 727 527 38 2182 4016 1465 1457 2083 1801 3002 1550 3852 4447 3340 707 4733 1025 4631 2996 4752 2537 3474 2947 4572 2387 124 52 3457 4827 3091 2857 3502
3653 3431 4836 815 1541 4842 491 1151 726 894 937 953 1614 1116 4504 4516 4837 3584 332 4172 1372 3323 2756 1160 1485 935 1851 2189 4120 2073 1846 4586 1124 3500 515 1310 3836 3442 731 2342 2855 2731 3614 4832 4290 4293 3353 3988 1516 3885 61 3377 1838 291 3779 3910 2 1669 1687 3133 33 2107 3483 2032 1005 1419 2688 1433 3140 566
4714 1996 3072 159 2444 3481 2370 986 4416 2335 444 4056 393 1200 1847 3010 1103 2600 98 4737 2645 2734 2283 192 4540 1344 4362 1727 4826 3832 3954 2489 1426 1579 1129 4000 1143 1027 2256 638 1914 4507 2193 513 1392 399 3933 2832 4317 2919 3672 4348 2334 1970 2654 3077 2381 4518 2738 2839 3849 3990 2923 4545 1214 2087 14 3562 3159 686
3251 2188 3934 941 4383 2644 4260 1366 3471 3586 963 2470 3688 1277 3867 1849 4150 2421 1682 863 3794 3969 789 3713 1520 4708 3170 3412 4785 197 390 4578 1454 2750 3116 4846 3176 1247 2599 2541 4307 3970 4618 4890 3722 1503 2389 1755 2479 2119 4771 1831 3221 3281 2048 4355 366 847 138 1811 1896 3522 2778 2298 615 987 3319 3778 2958 3935
3923 46 631 3833 2297 3220 4283 2665 574 2263 3005 1794 2357 3135 2941 3626 1881 730 3640 1460 3719 2712 3757 1524 1779 3272 3151 2333 1222 357 128 3963 1221 1571 4368 3553 4032 3555 470 3469 743 1350 2176 2741 2685 3678 2673 1674 1532 2931 919 3560 1926 3449 3465 1357 1677 3901 329 3012 535 4687 4096 3596 3783 4828 3775 3519 766 3132
4659 2938 2877 4184 1120 4717 4371 2613 4766 1206 2466 4070 4061 4869 2264 3131 1337 1521 3387 3497 838 4519 2533 2671 4114 4597 2719 498 2964 1173 54 3697 699 934 2469 4680 4670 4560 2826 1062 3454 1691 889 1494 1110 1216 1835 3329 4089 4427 4304 4329 2315 4684 4285 1400 1479 1655 220 4388 1576 3647 1367 2168 442 1607 943 1147 4334 3501
4406 2850 2676 2638 679 3644 2423 2071 1877 2710 2574 294 1864 2036 3470 4428 3887 374 4207 2862 4600 79 908 2038 723 1661 1208 1385 1341 3760 2735 416 825 4072 3327 1382 252 1064 1797 3711 301 3030 342 4213 3534 1558 118 4276 3737 1871 4130 1969 1906 2854 4037 4476 2616 1808 4788 1300 1437 2980 2457 1793 2934 4017 1729 1777 4599 4147
1293 4247 762 3461 4445 323 729 3983 3924 601 3342 3953 2353 4121 2995 2792 4112 4022 254 4394 4820 2529 4894 2796 484 1075 1369 3111 4854 4167 2765 2284 765 1166 644 3734 3864 1462 1653 2629 3496 4278 2406 1993 3046 3878 1280 3015 4142 505 3981 3440 243 4557 3262 2888 575 3473 182 4216 4748 1892 2174 2927 3529 398 439 2000 3290 1021
2812 2153 2196 421 3599 2667 2095 380 912 3407 486 4328 3622 3795 1673 2307 383 4701 571 344 2887 4592 590 1205 703 4463 1829 4390 4698 4886 4081 1483 3228 3060 305 2692 4466 3331 3992 844 3926 4426 4724 2904 2853 2111 3374 1447 2589 3750 3098 1325 132 83 4688 4501 1974 3283 4626 2369 578 1640 278 3232 4731 780 1598 3309 4816 2557
3233 1352 3673 2569 4704 4581 947 2560 4352 4811 1901 4726 819 665 1212 4805 4312 1101 4489 1519 2622 1745 2210 481 514 4577 1267 2282 4864 3738 4185 2813 1975 3430 1424 1498 2192 3286 4564 2337 3821 3069 4318 696 2779 1463 4188 3458 4774 759 3437 4338 460 2907 3041 4468 3113 127 1405 1309 2149 480 206 1591 4512 4790 1228 3751 295 3648
113 4803 643 3716 2880 3825 3950 1263 4852 3411 2819 3598 4323 3105 1269 579 3681 261 3642 2806 4723 3408 852 3379 419 3870 4 3013 3771 1435 3438 148 1624 3859 2874 1249 3008 2082 673 1623 3253 4500 1925 3641 3718 972 1761 1750 3674 2314 4734 1245 4685 1879 3684 2751 4871 43 4111 2503 4100 2100 1937 1223 4077 3117 3706 862 2213 2050
31 29 4901
2 20 4902
68 65 4903
43 62 4904
15 12 4905
29 33 4906
12 26 4907
4 24 4908
29 69 4909
57 14 4910
18 25 4911
48 54 4912
6 51 4913
41 36 4914
20 35 4915
57 44 4916
39 34 4917
38 8 4918
20 43 4919
48 18 4920
5 2 4921
18 10 4922
44 37 4923
24 25 4924
51 51 4925
53 31 4926
63 68 4927
47 3 4928
66 31 4929
14 66 4930
32 3 4931
16 60 4932
11 3 4933
68 20 4934
33 34 4935
31 20 4936
39 39 4937
15 20 4938
51 8 4939
42 41 4940
37 17 4941
17 68 4942
25 64 4943
64 8 4944
66 16 4945
16 39 4946
41 22 4947
10 65 4948
65 70 4949
35 42 4950
34 57 4951
67 68 4952
13 25 4953
69 3 4954
50 10 4955
33 27 4956
68 50 4957
67 45 4958
26 27 4959
14 10 4960
41 5 4961
1 16 4962
34 5 4963
57 6 4964
10 32 4965
47 24 4966
63 63 4967
4 61 4968
50 47 4969
53 23 4970
45 12 4971
46 21 4972
50 4 4973
4 31 4974
37 29 4975
54 22 4976
69 66 4977
17 15 4978
1 6 4979
28 14 4980
49 22 4981
4 29 4982
2 70 4983
68 62 4984
49 68 4985
51 22 4986
22 58 4987
21 42 4988
43 67 4989
59 20 4990
5 28 4991
36 62 4992
56 38 4993
19 34 4994
57 31 4995
31 29 4996
42 2 4997
19 51 4998
16 54 4999
16 27 5000
54 44 5001
51 24 5002
22 32 5003
18 64 5004
34 16 5005
1 58 5006
46 65 5007
20 14 5008
54 25 5009
16 59 5010
27 20 5011
36 15 5012
37 40 5013
23 23 5014
47 48 5015
9 24 5016
11 7 5017
53 31 5018
4 59 5019
51 35 5020
18 18 5021
48 30 5022
4 20 5023
23 48 5024
63 23 5025
34 67 5026
45 42 5027
42 17 5028
68 67 5029
68 18 5030
1 2 5031
30 24 5032
57 12 5033
10 55 5034
62 62 5035
43 12 5036
61 58 5037
32 5 5038
7 47 5039
35 35 5040
43 36 5041
61 57 5042
67 18 5043
24 15 5044
68 33 5045
34 67 5046
50 55 5047
60 34 5048
15 44 5049
47 69 5050
20 67 5051
59 68 5052
59 34 5053
42 24 5054
41 67 5055
11 20 5056
65 42 5057
32 41 5058
53 14 5059
34 58 5060
4 4 5061
51 11 5062
52 60 5063
30 64 5064
13 27 5065
66 52 5066
41 58 5067
35 3 5068
25 30 5069
54 65 5070
52 49 5071
50 3 5072
21 33 5073
69 38 5074
56 5 5075
14 1 5076
17 8 5077
13 19 5078
47 21 5079
49 16 5080
69 31 5081
32 4 5082
12 4 5083
8 61 5084
26 52 5085
69 68 5086
43 67 5087
15 27 5088
59 50 5089
49 11 5090
21 14 5091
23 58 5092
15 21 5093
24 62 5094
16 34 5095
51 41 5096
6 65 5097
47 5 5098
7 12 5099
55 52 5100
50 5 5101
14 9 5102
58 54 5103
49 15 5104
44 69 5105
57 38 5106
54 35 5107
10 15 5108
24 11 5109
29 38 5110
43 4 5111
43 68 5112
69 42 5113
25 52 5114
12 58 5115
36 16 5116
11 48 5117
53 49 5118
55 33 5119
25 9 5120
55 41 5121
13 21 5122
10 44 5123
7 41 5124
9 51 5125
24 35 5126
47 12 5127
49 53 5128
64 28 5129
60 62 5130
20 19 5131
47 59 5132
46 19 5133
36 17 5134
63 6 5135
54 5 5136
46 50 5137
69 15 5138
70 32 5139
10 30 5140
40 7 5141
27 2 5142
3 64 5143
63 70 5144
11 63 5145
4 23 5146
30 49 5147
40 2 5148
44 48 5149
9 51 5150
51 61 5151
48 47 5152
30 34 5153
32 12 5154
38 61 5155
36 26 5156
50 60 5157
47 34 5158
65 54 5159
36 40 5160
63 54 5161
15 66 5162
8 52 5163
18 39 5164
55 60 5165
55 16 5166
31 14 5167
31 56 5168
35 65 5169
37 46 5170
40 29 5171
8 11 5172
11 69 5173
53 29 5174
1 65 5175
57 34 5176
54 48 5177
36 11 5178
20 19 5179
50 42 5180
49 66 5181
3 14 5182
43 46 5183
20 57 5184
21 23 5185
58 69 5186
68 50 5187
42 25 5188
15 32 5189
9 21 5190
8 68 5191
6 26 5192
22 27 5193
51 40 5194
31 67 5195
54 10 5196
54 54 5197
24 37 5198
40 38 5199
17 58 5200
46 64 5201
63 39 5202
41 20 5203
8 2 5204
6 33 5205
53 17 5206
35 47 5207
40 26 5208
57 25 5209
19 34 5210
52 52 5211
25 40 5212
18 55 5213
42 30 5214
27 8 5215
65 16 5216
6 9 5217
21 54 5218
62 7 5219
13 69 5220
34 49 5221
8 45 5222
64 30 5223
37 5 5224
25 13 5225
34 42 5226
43 40 5227
50 20 5228
35 27 5229
37 8 5230
48 43 5231
59 15 5232
65 28 5233
37 7 5234
1 12 5235
40 8 5236
13 63 5237
11 20 5238
39 64 5239
37 62 5240
28 12 5241
34 16 5242
14 66 5243
5 24 5244
45 62 5245
66 10 5246
58 55 5247
39 47 5248
54 40 5249
37 8 5250
69 1 5251
51 62 5252
44 17 5253
52 19 5254
40 44 5255
22 63 5256
59 42 5257
10 38 5258
68 3 5259
30 17 5260
65 8 5261
3 3 5262
1 18 5263
61 60 5264
35 7 5265
51 70 5266
3 45 5267
36 18 5268
61 19 5269
3 2 5270
34 32 5271
66 6 5272
53 9 5273
15 65 5274
54 8 5275
27 48 5276
40 9 5277
31 26 5278
57 4 5279
68 50 5280
28 53 5281
60 11 5282
19 27 5283
24 30 5284
35 20 5285
9 15 5286
2 34 5287
49 48 5288
50 44 5289
26 66 5290
50 16 5291
13 61 5292
24 33 5293
39 30 5294
23 29 5295
23 25 5296
18 4 5297
69 61 5298
35 63 5299
22 30 5300
7 68 5301
7 21 5302
35 13 5303
22 26 5304
12 60 5305
41 1 5306
10 40 5307
11 47 5308
66 1 5309
61 17 5310
42 37 5311
14 32 5312
22 46 5313
36 26 5314
59 11 5315
42 21 5316
37 65 5317
51 17 5318
31 3 5319
39 60 5320
4 69 5321
18 28 5322
55 43 5323
44 50 5324
14 53 5325
31 62 5326
7 51 5327
27 17 5328
50 19 5329
29 46 5330
52 54 5331
66 55 5332
53 21 5333
4 23 5334
70 27 5335
22 18 5336
45 3 5337
49 40 5338
8 67 5339
68 30 5340
34 31 5341
25 13 5342
60 15 5343
61 1 5344
23 4 5345
65 57 5346
13 8 5347
9 70 5348
19 40 5349
12 67 5350
69 40 5351
48 7 5352
17 43 5353
57 14 5354
53 57 5355
39 50 5356
59 6 5357
28 44 5358
59 1 5359
14 18 5360
7 35 5361
49 54 5362
48 31 5363
68 52 5364
8 66 5365
27 12 5366
42 43 5367
64 58 5368
42 62 5369
35 4 5370
42 15 5371
16 7 5372
52 21 5373
67 42 5374
6 70 5375
34 40 5376
18 29 5377
37 55 5378
10 13 5379
45 39 5380
69 54 5381
4 26 5382
32 69 5383
16 69 5384
23 44 5385
27 46 5386
68 31 5387
41 57 5388
59 6 5389
70 70 5390
40 25 5391
11 27 5392
24 30 5393
63 31 5394
40 52 5395
18 15 5396
18 10 5397
40 63 5398
58 11 5399
65 54 5400
2 67 5401
52 43 5402
31 66 5403
55 8 5404
12 47 5405
58 52 5406
22 30 5407
45 9 5408
31 30 5409
8 33 5410
32 6 5411
38 69 5412
8 1 5413
7 1 5414
20 4 5415
33 20 5416
34 32 5417
66 64 5418
40 5 5419
48 46 5420
12 63 5421
54 21 5422
4 46 5423
62 36 5424
45 31 5425
40 59 5426
60 46 5427
8 27 5428
68 22 5429
57 46 5430
12 12 5431
12 57 5432
36 18 5433
59 19 5434
66 48 5435
10 25 5436
4 35 5437
64 1 5438
56 15 5439
31 53 5440
17 41 5441
68 11 5442
14 26 5443
36 20 5444
64 51 5445
31 18 5446
21 69 5447
27 28 5448
22 1 5449
35 64 5450
3 19 5451
11 47 5452
8 45 5453
18 60 5454
7 21 5455
59 20 5456
15 24 5457
53 69 5458
23 37 5459
18 33 5460
56 6 5461
20 34 5462
63 62 5463
45 64 5464
54 5 5465
40 12 5466
39 19 5467
5 57 5468
38 36 5469
25 14 5470
30 42 5471
2 49 5472
25 7 5473
10 30 5474
6 66 5475
37 48 5476
51 34 5477
49 57 5478
61 16 5479
45 55 5480
3 59 5481
56 16 5482
17 13 5483
46 47 5484
21 4 5485
41 31 5486
59 60 5487
34 49 5488
2 50 5489
48 17 5490
29 45 5491
38 35 5492
27 26 5493
37 55 5494
58 1 5495
22 55 5496
60 18 5497
8 34 5498
20 37 5499
1 13 5500
6 41 5501
9 65 5502
29 25 5503
48 51 5504
55 46 5505
6 64 5506
9 28 5507
25 33 5508
32 48 5509
53 64 5510
51 69 5511
63 1 5512
65 36 5513
10 56 5514
54 21 5515
36 32 5516
19 51 5517
42 63 5518
14 56 5519
36 45 5520
60 29 5521
61 10 5522
62 25 5523
20 40 5524
34 10 5525
16 1 5526
37 1 5527
51 12 5528
42 59 5529
9 41 5530
19 46 5531
58 55 5532
38 20 5533
3 37 5534
40 37 5535
1 4 5536
20 15 5537
65 50 5538
16 57 5539
24 59 5540
17 37 5541
56 30 5542
3 54 5543
70 66 5544
4 24 5545
27 48 5546
58 27 5547
5 24 5548
26 12 5549
57 47 5550
62 37 5551
42 57 5552
26 20 5553
24 10 5554
67 19 5555
12 23 5556
3 49 5557
12 14 5558
48 40 5559
63 29 5560
69 66 5561
24 65 5562
48 58 5563
63 11 5564
58 32 5565
13 50 5566
31 4 5567
37 64 5568
15 24 5569
31 58 5570
25 42 5571
28 25 5572
61 42 5573
30 24 5574
10 17 5575
44 53 5576
62 23 5577
50 2 5578
67 58 5579
18 57 5580
40 48 5581
15 27 5582
43 70 5583
70 49 5584
26 11 5585
29 59 5586
20 56 5587
12 66 5588
23 56 5589
16 44 5590
61 16 5591
55 30 5592
32 41 5593
45 36 5594
3 29 5595
48 33 5596
23 64 5597
66 42 5598
38 56 5599
30 20 5600
50 30 5601
24 9 5602
63 61 5603
3 45 5604
38 61 5605
9 8 5606
52 23 5607
59 14 5608
46 7 5609
15 38 5610
47 33 5611
21 69 5612
17 7 5613
19 68 5614
24 29 5615
44 16 5616
53 69 5617
46 66 5618
44 52 5619
16 1 5620
49 61 5621
20 1 5622
55 55 5623
13 21 5624
27 42 5625
21 46 5626
44 25 5627
12 37 5628
10 46 5629
62 13 5630
59 6 5631
40 10 5632
70 37 5633
18 2 5634
62 7 5635
31 64 5636
58 67 5637
67 62 5638
67 55 5639
5 34 5640
26 8 5641
45 43 5642
17 48 5643
37 66 5644
57 69 5645
25 9 5646
11 33 5647
24 32 5648
57 20 5649
15 21 5650
23 1 5651
2 44 5652
5 67 5653
6 19 5654
39 59 5655
32 22 5656
64 33 5657
41 21 5658
53 32 5659
19 41 5660
49 26 5661
13 38 5662
57 58 5663
48 41 5664
47 12 5665
1 61 5666
59 20 5667
32 8 5668
16 24 5669
68 64 5670
21 41 5671
2 45 5672
55 12 5673
36 16 5674
67 61 5675
32 32 5676
60 28 5677
50 26 5678
35 47 5679
61 66 5680
10 7 5681
46 31 5682
58 65 5683
48 40 5684
28 9 5685
34 4 5686
59 56 5687
69 27 5688
63 8 5689
45 41 5690
14 4 5691
14 12 5692
64 36 5693
13 31 5694
65 53 5695
40 17 5696
2 17 5697
23 65 5698
6 43 5699
68 35 5700
4 18 5701
64 59 5702
54 17 5703
16 67 5704
33 57 5705
56 69 5706
20 18 5707
69 51 5708
50 52 5709
15 24 5710
42 67 5711
6 18 5712
16 66 5713
29 52 5714
35 25 5715
10 26 5716
22 9 5717
5 50 5718
68 20 5719
2 32 5720
32 35 5721
38 44 5722
9 29 5723
7 13 5724
9 15 5725
23 1 5726
1 59 5727
29 65 5728
7 13 5729
62 64 5730
14 48 5731
61 9 5732
9 53 5733
55 70 5734
13 17 5735
2 40 5736
26 19 5737
40 24 5738
46 27 5739
54 41 5740
65 31 5741
26 32 5742
32 22 5743
65 59 5744
42 28 5745
30 15 5746
69 25 5747
38 70 5748
70 53 5749
14 28 5750
41 51 5751
54 39 5752
61 22 5753
18 60 5754
56 49 5755
55 36 5756
70 60 5757
67 36 5758
41 68 5759
41 11 5760
63 70 5761
52 11 5762
59 46 5763
9 35 5764
59 51 5765
45 39 5766
2 67 5767
62 36 5768
46 16 5769
12 51 5770
33 20 5771
66 1 5772
27 64 5773
66 42 5774
17 23 5775
53 39 5776
58 27 5777
46 2 5778
2 28 5779
46 33 5780
30 61 5781
25 60 5782
62 49 5783
36 28 5784
65 67 5785
14 43 5786
59 61 5787
42 43 5788
63 29 5789
66 28 5790
7 51 5791
54 28 5792
65 23 5793
61 14 5794
64 68 5795
48 1 5796
18 64 5797
28 38 5798
38 41 5799
63 43 5800
7 2 5801
33 46 5802
63 69 5803
22 39 5804
44 59 5805
24 1 5806
67 24 5807
29 2 5808
5 50 5809
10 30 5810
25 2 5811
24 14 5812
25 18 5813
2 47 5814
40 58 5815
54 33 5816
17 10 5817
66 29 5818
64 15 5819
62 66 5820
34 11 5821
24 31 5822
28 6 5823
32 3 5824
67 64 5825
17 12 5826
29 46 5827
38 34 5828
51 53 5829
24 21 5830
33 4 5831
11 35 5832
33 21 5833
3 47 5834
14 62 5835
18 8 5836
53 5 5837
64 66 5838
30 44 5839
23 31 5840
29 65 5841
66 39 5842
4 7 5843
9 3 5844
52 33 5845
7 11 5846
48 18 5847
21 58 5848
1 47 5849
35 4 5850
7 6 5851
10 56 5852
7 11 5853
59 30 5854
41 34 5855
33 58 5856
20 52 5857
52 14 5858
47 1 5859
47 12 5860
16 14 5861
42 25 5862
37 5 5863
68 42 5864
32 29 5865
62 8 5866
22 2 5867
17 32 5868
48 46 5869
21 57 5870
40 64 5871
65 70 5872
6 39 5873
20 23 5874
58 10 5875
30 49 5876
33 34 5877
48 26 5878
56 46 5879
6 11 5880
45 70 5881
22 44 5882
52 8 5883
34 6 5884
70 13 5885
10 69 5886
68 51 5887
23 6 5888
19 33 5889
60 16 5890
68 58 5891
33 1 5892
30 66 5893
24 33 5894
46 6 5895
16 46 5896
6 54 5897
23 41 5898
1 48 5899
53 55 5900
58 10 5901
20 55 5902
14 26 5903
67 66 5904
16 26 5905
44 7 5906
31 63 5907
69 13 5908
43 34 5909
25 26 5910
18 34 5911
13 40 5912
17 59 5913
23 7 5914
37 59 5915
1 56 5916
11 35 5917
17 27 5918
42 47 5919
26 45 5920
44 18 5921
1 15 5922
43 63 5923
48 25 5924
47 69 5925
33 27 5926
34 17 5927
41 61 5928
21 38 5929
32 34 5930
21 14 5931
53 69 5932
39 31 5933
37 63 5934
54 21 5935
18 63 5936
38 51 5937
22 61 5938
36 35 5939
42 49 5940
57 26 5941
7 51 5942
52 63 5943
8 31 5944
47 60 5945
9 61 5946
56 15 5947
61 68 5948
39 55 5949
13 58 5950
52 5 5951
34 20 5952
64 15 5953
65 13 5954
54 35 5955
30 64 5956
13 61 5957
9 41 5958
44 56 5959
68 19 5960
55 3 5961
68 43 5962
34 40 5963
41 70 5964
13 61 5965
55 19 5966
31 64 5967
21 10 5968
56 46 5969
14 48 5970
37 68 5971
65 46 5972
3 44 5973
63 41 5974
23 7 5975
9 37 5976
7 55 5977
5 59 5978
17 68 5979
55 28 5980
41 46 5981
64 70 5982
64 1 5983
16 47 5984
70 31 5985
30 3 5986
58 13 5987
65 45 5988
51 38 5989
24 29 5990
26 47 5991
63 66 5992
52 59 5993
49 66 5994
60 36 5995
66 64 5996
6 2 5997
11 26 5998
21 59 5999
26 69 6000
43 12 6001
46 58 6002
43 34 6003
8 21 6004
30 22 6005
57 16 6006
26 62 6007
23 59 6008
30 66 6009
21 55 6010
62 32 6011
5 61 6012
11 11 6013
22 63 6014
44 54 6015
2 3 6016
58 42 6017
70 57 6018
52 67 6019
65 62 6020
41 2 6021
16 55 6022
23 68 6023
21 54 6024
69 22 6025
13 55 6026
21 18 6027
38 5 6028
44 47 6029
5 7 6030
66 59 6031
49 33 6032
47 47 6033
14 58 6034
60 46 6035
15 28 6036
66 10 6037
15 46 6038
57 50 6039
1 13 6040
45 33 6041
46 8 6042
47 55 6043
64 6 6044
25 36 6045
63 21 6046
20 64 6047
49 7 6048
25 61 6049
31 10 6050
64 20 6051
44 20 6052
58 61 6053
5 61 6054
61 27 6055
50 31 6056
66 32 6057
29 20 6058
69 40 6059
52 37 6060
29 70 6061
34 32 6062
64 28 6063
34 8 6064
24 30 6065
50 54 6066
14 24 6067
60 24 6068
22 49 6069
35 69 6070
3 31 6071
27 17 6072
60 14 6073
56 50 6074
16 21 6075
70 67 6076
51 6 6077
16 43 6078
9 15 6079
19 33 6080
62 70 6081
57 17 6082
33 1 6083
52 55 6084
56 70 6085
1 60 6086
10 66 6087
20 67 6088
8 9 6089
37 11 6090
52 5 6091
28 41 6092
11 24 6093
55 8 6094
35 67 6095
62 54 6096
38 17 6097
4 27 6098
50 27 6099
53 44 6100
44 28 6101
57 58 6102
23 27 6103
52 43 6104
39 17 6105
60 3 6106
37 14 6107
56 64 6108
61 70 6109
65 43 6110
8 65 6111
46 46 6112
21 52 6113
66 58 6114
35 38 6115
23 11 6116
11 49 6117
52 9 6118
44 48 6119
53 4 6120
47 51 6121
62 23 6122
20 48 6123
69 17 6124
50 47 6125
18 12 6126
55 46 6127
44 28 6128
12 35 6129
67 61 6130
36 37 6131
40 30 6132
61 49 6133
59 33 6134
1 22 6135
55 5 6136
42 2 6137
62 27 6138
62 10 6139
70 9 6140
5 8 6141
53 16 6142
13 45 6143
46 44 6144
37 37 6145
52 28 6146
5 6 6147
51 62 6148
68 19 6149
22 60 6150
31 68 6151
9 22 6152
23 36 6153
14 43 6154
29 9 6155
63 30 6156
48 55 6157
18 64 6158
10 66 6159
66 30 6160
62 66 6161
42 4 6162
5 26 6163
3 65 6164
68 38 6165
6 23 6166
22 18 6167
22 13 6168
29 41 6169
61 6 6170
13 29 6171
69 25 6172
23 37 6173
54 44 6174
46 3 6175
49 10 6176
9 66 6177
33 11 6178
63 28 6179
4 65 6180
15 20 6181
51 19 6182
46 66 6183
51 55 6184
42 26 6185
23 29 6186
23 62 6187
39 68 6188
55 48 6189
40 13 6190
27 42 6191
42 23 6192
57 57 6193
15 53 6194
41 38 6195
66 8 6196
57 65 6197
1 14 6198
29 11 6199
66 59 6200
68 6 6201
60 70 6202
8 13 6203
57 55 6204
5 14 6205
34 29 6206
11 22 6207
47 44 6208
27 61 6209
32 50 6210
46 12 6211
6 32 6212
37 70 6213
33 40 6214
13 70 6215
65 31 6216
68 41 6217
20 63 6218
66 37 6219
47 53 6220
7 70 6221
52 50 6222
44 20 6223
22 17 6224
25 20 6225
60 20 6226
47 70 6227
25 49 6228
9 47 6229
64 4 6230
32 19 6231
40 49 6232
22 65 6233
33 13 6234
59 14 6235
6 53 6236
25 35 6237
63 65 6238
37 46 6239
20 45 6240
20 21 6241
51 59 6242
38 5 6243
43 52 6244
48 63 6245
30 64 6246
51 16 6247
32 40 6248
47 23 6249
21 19 6250
68 2 6251
50 45 6252
62 29 6253
67 57 6254
26 35 6255
27 41 6256
66 16 6257
25 22 6258
11 38 6259
58 11 6260
5 23 6261
9 5 6262
40 64 6263
24 33 6264
18 68 6265
33 49 6266
16 3 6267
37 61 6268
47 30 6269
24 11 6270
37 59 6271
19 4 6272
59 30 6273
21 35 6274
8 9 6275
57 45 6276
58 21 6277
37 22 6278
14 66 6279
42 62 6280
37 58 6281
39 33 6282
9 43 6283
39 22 6284
36 26 6285
26 51 6286
25 48 6287
34 15 6288
13 41 6289
12 5 6290
8 47 6291
61 69 6292
47 45 6293
22 27 6294
52 50 6295
11 57 6296
2 33 6297
49 50 6298
23 62 6299
46 61 6300
16 19 6301
51 59 6302
1 42 6303
22 59 6304
4 63 6305
8 49 6306
66 29 6307
16 7 6308
22 14 6309
38 20 6310
22 64 6311
17 49 6312
46 16 6313
48 35 6314
21 16 6315
52 18 6316
35 9 6317
1 69 6318
21 53 6319
1 30 6320
62 18 6321
15 49 6322
40 37 6323
50 21 6324
62 34 6325
54 2 6326
40 21 6327
16 67 6328
22 28 6329
53 16 6330
20 54 6331
44 8 6332
19 41 6333
39 10 6334
9 69 6335
30 11 6336
40 38 6337
8 27 6338
39 33 6339
56 34 6340
14 9 6341
14 6 6342
33 31 6343
49 5 6344
46 43 6345
62 13 6346
42 47 6347
30 67 6348
51 49 6349
67 67 6350
4 61 6351
58 4 6352
10 61 6353
20 57 6354
70 44 6355
37 20 6356
24 25 6357
30 22 6358
20 57 6359
47 25 6360
30 9 6361
28 25 6362
31 61 6363
53 57 6364
48 45 6365
70 50 6366
23 25 6367
39 66 6368
32 46 6369
51 70 6370
3 32 6371
51 8 6372
69 18 6373
59 22 6374
67 64 6375
22 50 6376
15 3 6377
62 57 6378
36 39 6379
35 57 6380
38 16 6381
5 62 6382
40 33 6383
41 37 6384
45 3 6385
67 35 6386
42 23 6387
2 55 6388
30 50 6389
32 43 6390
44 46 6391
36 33 6392
9 62 6393
64 7 6394
24 21 6395
34 52 6396
3 45 6397
6 49 6398
44 36 6399
69 33 6400
2 17 6401
43 42 6402
33 55 6403
29 8 6404
35 50 6405
13 35 6406
25 29 6407
25 48 6408
49 62 6409
22 11 6410
61 3 6411
16 24 6412
4 70 6413
57 45 6414
63 63 6415
55 16 6416
31 62 6417
12 56 6418
41 42 6419
29 24 6420
36 19 6421
62 7 6422
7 49 6423
33 11 6424
6 53 6425
56 12 6426
65 54 6427
63 5 6428
38 34 6429
59 1 6430
5 38 6431
66 48 6432
51 28 6433
14 70 6434
41 14 6435
2 14 6436
64 21 6437
56 4 6438
17 46 6439
24 19 6440
70 52 6441
17 49 6442
13 31 6443
43 5 6444
65 11 6445
20 52 6446
63 20 6447
53 27 6448
24 29 6449
27 36 6450
15 32 6451
66 38 6452
61 42 6453
60 51 6454
64 30 6455
41 29 6456
15 12 6457
14 18 6458
64 26 6459
1 44 6460
59 1 6461
66 41 6462
26 62 6463
52 42 6464
50 3 6465
4 44 6466
62 70 6467
6 5 6468
61 31 6469
62 55 6470
22 9 6471
16 1 6472
1 5 6473
13 25 6474
36 23 6475
47 4 6476
5 49 6477
23 21 6478
37 50 6479
21 5 6480
11 36 6481
27 34 6482
17 69 6483
27 16 6484
64 36 6485
32 33 6486
45 18 6487
41 29 6488
4 15 6489
29 37 6490
37 33 6491
30 28 6492
56 60 6493
45 51 6494
22 58 6495
5 27 6496
53 1 6497
13 9 6498
10 22 6499
69 5 6500
24 20 6501
51 56 6502
68 2 6503
11 60 6504
68 15 6505
44 15 6506
54 35 6507
6 36 6508
65 66 6509
52 24 6510
69 18 6511
43 36 6512
50 66 6513
49 50 6514
35 41 6515
16 46 6516
51 46 6517
10 56 6518
47 11 6519
49 38 6520
1 40 6521
34 41 6522
27 53 6523
29 32 6524
3 39 6525
17 58 6526
14 47 6527
61 28 6528
11 6 6529
35 62 6530
10 24 6531
30 28 6532
42 54 6533
11 7 6534
59 67 6535
19 54 6536
60 64 6537
9 3 6538
57 5 6539
55 69 6540
23 7 6541
34 22 6542
42 2 6543
41 64 6544
50 9 6545
21 7 6546
22 23 6547
69 4 6548
33 64 6549
69 10 6550
27 9 6551
20 55 6552
66 43 6553
49 64 6554
57 46 6555
10 14 6556
64 30 6557
34 30 6558
26 31 6559
45 41 6560
41 29 6561
16 33 6562
32 61 6563
69 58 6564
19 15 6565
58 53 6566
13 58 6567
24 67 6568
21 18 6569
60 59 6570
7 41 6571
20 23 6572
60 36 6573
18 30 6574
10 45 6575
26 60 6576
37 60 6577
39 29 6578
20 23 6579
12 66 6580
35 1 6581
46 29 6582
15 56 6583
51 62 6584
67 66 6585
13 48 6586
59 22 6587
46 4 6588
12 42 6589
32 29 6590
36 8 6591
13 33 6592
57 52 6593
22 45 6594
9 64 6595
47 36 6596
45 44 6597
50 51 6598
42 3 6599
8 35 6600
39 51 6601
68 60 6602
14 22 6603
40 44 6604
48 30 6605
20 66 6606
51 12 6607
29 2 6608
53 41 6609
39 44 6610
63 54 6611
67 23 6612
61 50 6613
7 19 6614
16 32 6615
60 37 6616
11 3 6617
12 51 6618
37 45 6619
41 8 6620
22 26 6621
57 63 6622
18 14 6623
58 63 6624
28 8 6625
43 38 6626
4 67 6627
12 20 6628
35 39 6629
61 53 6630
32 65 6631
56 38 6632
56 7 6633
59 39 6634
48 67 6635
29 36 6636
61 35 6637
11 17 6638
3 43 6639
70 65 6640
46 57 6641
15 67 6642
54 6 6643
18 58 6644
70 15 6645
42 40 6646
47 43 6647
40 56 6648
57 54 6649
63 37 6650
9 9 6651
18 13 6652
18 56 6653
34 68 6654
41 42 6655
60 13 6656
17 7 6657
33 23 6658
37 27 6659
30 43 6660
43 43 6661
44 41 6662
52 51 6663
20 67 6664
50 36 6665
21 56 6666
61 16 6667
32 43 6668
57 17 6669
44 22 6670
56 47 6671
62 57 6672
23 56 6673
23 14 6674
27 15 6675
63 61 6676
46 48 6677
11 44 6678
46 5 6679
58 55 6680
29 29 6681
50 32 6682
5 62 6683
59 46 6684
64 13 6685
17 55 6686
56 42 6687
69 16 6688
38 17 6689
26 10 6690
25 3 6691
69 33 6692
6 26 6693
17 3 6694
18 29 6695
33 2 6696
35 40 6697
7 19 6698
57 65 6699
9 31 6700
22 22 6701
53 23 6702
28 53 6703
56 23 6704
10 39 6705
49 36 6706
53 51 6707
8 35 6708
44 51 6709
15 59 6710
55 60 6711
38 70 6712
51 18 6713
20 30 6714
45 10 6715
3 67 6716
10 8 6717
39 30 6718
5 17 6719
7 34 6720
68 37 6721
36 32 6722
12 49 6723
45 42 6724
34 52 6725
55 49 6726
7 7 6727
1 54 6728
1 59 6729
45 46 6730
66 20 6731
51 42 6732
34 6 6733
21 45 6734
31 33 6735
34 13 6736
44 48 6737
53 55 6738
18 17 6739
15 55 6740
24 69 6741
31 1 6742
18 14 6743
23 21 6744
23 21 6745
6 25 6746
9 1 6747
6 34 6748
46 33 6749
42 8 6750
22 29 6751
18 40 6752
30 9 6753
29 59 6754
29 30 6755
44 48 6756
25 55 6757
30 33 6758
45 47 6759
44 55 6760
44 3 6761
48 29 6762
26 27 6763
11 55 6764
53 17 6765
59 59 6766
42 20 6767
60 70 6768
53 28 6769
9 43 6770
59 49 6771
55 13 6772
41 35 6773
47 41 6774
50 67 6775
28 56 6776
69 18 6777
2 17 6778
45 8 6779
66 53 6780
68 42 6781
10 37 6782
13 16 6783
52 54 6784
30 60 6785
43 38 6786
14 38 6787
10 12 6788
70 3 6789
62 46 6790
42 17 6791
52 37 6792
48 68 6793
16 32 6794
55 24 6795
9 16 6796
63 2 6797
3 35 6798
43 1 6799
42 46 6800
65 12 6801
61 41 6802
62 12 6803
51 44 6804
30 61 6805
51 51 6806
36 67 6807
1 49 6808
21 45 6809
23 68 6810
1 33 6811
64 47 6812
42 27 6813
55 15 6814
3 21 6815
61 37 6816
27 18 6817
58 35 6818
44 30 6819
11 26 6820
25 64 6821
41 35 6822
24 21 6823
43 12 6824
11 40 6825
59 25 6826
3 14 6827
28 26 6828
24 59 6829
38 6 6830
23 70 6831
37 61 6832
30 66 6833
70 23 6834
44 50 6835
9 69 6836
67 8 6837
41 16 6838
46 64 6839
42 36 6840
36 62 6841
2 58 6842
39 35 6843
48 17 6844
58 11 6845
16 48 6846
9 34 6847
63 40 6848
20 6 6849
54 57 6850
37 18 6851
47 69 6852
35 53 6853
57 26 6854
43 37 6855
64 12 6856
63 27 6857
20 12 6858
46 12 6859
24 51 6860
50 67 6861
69 47 6862
46 60 6863
32 50 6864
57 67 6865
53 12 6866
13 37 6867
61 48 6868
7 1 6869
11 2 6870
7 12 6871
5 9 6872
51 17 6873
1 69 6874
47 68 6875
9 19 6876
40 27 6877
65 59 6878
15 56 6879
5 5 6880
25 40 6881
17 23 6882
64 11 6883
18 23 6884
28 58 6885
60 13 6886
56 13 6887
67 17 6888
69 17 6889
47 23 6890
28 46 6891
4 43 6892
51 70 6893
32 60 6894
56 40 6895
57 9 6896
54 17 6897
44 60 6898
16 38 6899
69 70 6900
9 6 6901
27 45 6902
24 23 6903
65 4 6904
40 54 6905
33 59 6906
55 66 6907
53 53 6908
34 31 6909
57 26 6910
11 35 6911
1 49 6912
47 63 6913
70 43 6914
65 18 6915
20 54 6916
26 18 6917
10 4 6918
45 30 6919
29 27 6920
23 64 6921
1 60 6922
13 34 6923
20 42 6924
17 32 6925
46 18 6926
35 14 6927
24 27 6928
70 55 6929
11 56 6930
19 21 6931
3 68 6932
27 7 6933
44 53 6934
63 19 6935
23 33 6936
69 21 6937
16 67 6938
55 19 6939
29 35 6940
43 46 6941
54 54 6942
17 25 6943
68 64 6944
17 29 6945
33 54 6946
31 45 6947
17 10 6948
64 29 6949
3 36 6950
9 23 6951
42 60 6952
66 18 6953
12 15 6954
49 20 6955
59 64 6956
42 15 6957
60 34 6958
23 35 6959
69 6 6960
57 53 6961
2 60 6962
55 29 6963
57 42 6964
6 2 6965
29 62 6966
59 35 6967
9 70 6968
50 14 6969
5 59 6970
63 15 6971
15 42 6972
50 13 6973
24 69 6974
40 25 6975
8 35 6976
57 43 6977
27 10 6978
62 61 6979
15 57 6980
44 57 6981
27 40 6982
68 6 6983
10 34 6984
64 67 6985
45 58 6986
22 12 6987
11 45 6988
64 35 6989
50 10 6990
40 27 6991
39 51 6992
39 14 6993
7 55 6994
12 28 6995
25 53 6996
4 2 6997
46 46 6998
57 17 6999
8 41 7000
61 39 7001
60 64 7002
39 6 7003
12 7 7004
69 26 7005
27 9 7006
47 1 7007
49 40 7008
34 65 7009
22 24 7010
37 27 7011
24 32 7012
33 12 7013
48 8 7014
40 49 7015
23 47 7016
45 27 7017
2 57 7018
24 66 7019
33 27 7020
5 6 7021
63 29 7022
44 23 7023
43 44 7024
69 44 7025
22 11 7026
21 34 7027
39 10 7028
52 52 7029
45 67 7030
25 62 7031
55 16 7032
64 50 7033
34 14 7034
63 20 7035
8 56 7036
58 7 7037
64 50 7038
6 38 7039
61 70 7040
7 70 7041
70 48 7042
64 63 7043
20 69 7044
29 6 7045
52 10 7046
47 48 7047
53 37 7048
65 64 7049
68 56 7050
19 34 7051
59 66 7052
57 33 7053
32 40 7054
36 67 7055
7 38 7056
47 32 7057
51 16 7058
54 7 7059
47 47 7060
62 28 7061
54 31 7062
41 12 7063
36 12 7064
34 23 7065
62 49 7066
11 11 7067
36 33 7068
27 38 7069
65 69 7070
62 36 7071
16 59 7072
38 68 7073
7 61 7074
18 52 7075
25 27 7076
40 45 7077
10 26 7078
15 63 7079
41 66 7080
16 36 7081
23 52 7082
5 62 7083
60 44 7084
42 62 7085
63 13 7086
46 18 7087
55 57 7088
24 36 7089
48 33 7090
14 38 7091
33 13 7092
9 11 7093
49 70 7094
53 35 7095
20 16 7096
26 44 7097
22 35 7098
21 25 7099
34 22 7100
18 38 7101
5 26 7102
44 17 7103
56 32 7104
10 30 7105
37 52 7106
9 37 7107
5 50 7108
63 9 7109
60 49 7110
23 46 7111
29 40 7112
34 9 7113
51 62 7114
44 13 7115
52 4 7116
64 50 7117
47 5 7118
1 35 7119
47 43 7120
44 37 7121
33 40 7122
27 29 7123
61 31 7124
56 62 7125
4 29 7126
56 47 7127
62 12 7128
68 25 7129
17 36 7130
11 20 7131
47 13 7132
61 68 7133
62 56 7134
32 58 7135
17 49 7136
23 16 7137
24 11 7138
40 58 7139
20 56 7140
56 31 7141
1 38 7142
45 68 7143
60 25 7144
5 61 7145
37 68 7146
70 14 7147
54 22 7148
68 69 7149
21 11 7150
67 66 7151
26 29 7152
7 13 7153
68 32 7154
34 57 7155
29 27 7156
31 17 7157
54 4 7158
55 6 7159
30 10 7160
34 20 7161
25 28 7162
39 18 7163
57 60 7164
30 42 7165
64 9 7166
24 1 7167
10 7 7168
44 47 7169
52 27 7170
65 54 7171
16 41 7172
18 33 7173
21 1 7174
66 34 7175
56 1 7176
37 2 7177
7 40 7178
27 35 7179
40 11 7180
22 9 7181
43 45 7182
56 42 7183
17 63 7184
53 5 7185
4 41 7186
15 42 7187
61 48 7188
17 28 7189
30 26 7190
8 52 7191
13 30 7192
50 25 7193
21 7 7194
29 23 7195
44 36 7196
47 11 7197
1 15 7198
42 33 7199
33 25 7200
53 45 7201
21 46 7202
67 44 7203
59 10 7204
13 48 7205
58 38 7206
54 4 7207
27 8 7208
34 28 7209
6 62 7210
1 24 7211
61 11 7212
49 4 7213
52 28 7214
68 48 7215
24 66 7216
49 19 7217
38 2 7218
39 8 7219
61 61 7220
61 33 7221
16 59 7222
22 21 7223
62 44 7224
68 70 7225
29 37 7226
1 53 7227
45 36 7228
53 38 7229
46 42 7230
39 24 7231
45 43 7232
47 67 7233
21 23 7234
13 62 7235
61 31 7236
27 30 7237
2 15 7238
63 46 7239
7 52 7240
64 5 7241
56 46 7242
66 51 7243
56 28 7244
29 48 7245
29 5 7246
23 2 7247
53 18 7248
67 12 7249
16 5 7250
16 8 7251
1 28 7252
27 3 7253
38 25 7254
40 21 7255
47 24 7256
24 7 7257
64 52 7258
23 43 7259
46 52 7260
13 59 7261
53 68 7262
62 14 7263
50 12 7264
31 51 7265
24 32 7266
27 57 7267
4 55 7268
55 13 7269
55 27 7270
67 50 7271
38 67 7272
33 25 7273
61 66 7274
48 66 7275
55 34 7276
34 56 7277
56 18 7278
31 63 7279
66 2 7280
54 12 7281
60 39 7282
34 64 7283
57 42 7284
6 15 7285
22 12 7286
16 58 7287
28 46 7288
29 66 7289
65 56 7290
27 61 7291
66 68 7292
39 32 7293
11 2 7294
47 65 7295
36 54 7296
69 24 7297
4 34 7298
38 58 7299
56 34 7300
43 45 7301
43 11 7302
36 44 7303
67 47 7304
4 66 7305
70 44 7306
63 7 7307
21 19 7308
28 56 7309
8 38 7310
16 36 7311
40 6 7312
32 52 7313
38 70 7314
52 27 7315
67 32 7316
62 53 7317
27 12 7318
57 46 7319
23 66 7320
34 5 7321
38 7 7322
25 52 7323
51 54 7324
67 65 7325
34 38 7326
32 18 7327
17 20 7328
56 68 7329
9 58 7330
36 15 7331
61 20 7332
64 52 7333
24 1 7334
5 32 7335
26 70 7336
69 32 7337
49 62 7338
13 63 7339
16 63 7340
15 21 7341
60 58 7342
55 11 7343
20 27 7344
27 12 7345
54 64 7346
12 1 7347
7 22 7348
70 66 7349
62 65 7350
6 67 7351
17 42 7352
59 56 7353
46 69 7354
57 24 7355
24 29 7356
47 7 7357
66 11 7358
43 35 7359
41 66 7360
47 34 7361
47 28 7362
48 11 7363
55 25 7364
40 42 7365
36 45 7366
28 26 7367
42 20 7368
51 7 7369
61 34 7370
16 39 7371
15 48 7372
17 55 7373
10 28 7374
26 61 7375
38 47 7376
17 53 7377
16 46 7378
9 58 7379
31 44 7380
68 7 7381
31 19 7382
41 17 7383
65 40 7384
4 21 7385
58 32 7386
19 3 7387
59 32 7388
67 37 7389
34 23 7390
13 9 7391
58 3 7392
60 30 7393
10 33 7394
12 52 7395
30 33 7396
57 26 7397
1 35 7398
16 8 7399
47 49 7400
18 55 7401
14 18 7402
8 9 7403
48 22 7404
68 40 7405
57 15 7406
16 48 7407
57 70 7408
69 21 7409
2 42 7410
11 7 7411
35 70 7412
63 14 7413
40 40 7414
21 8 7415
69 64 7416
25 6 7417
8 52 7418
51 5 7419
63 23 7420
31 63 7421
54 48 7422
9 28 7423
22 52 7424
14 37 7425
68 11 7426
17 59 7427
54 7 7428
36 22 7429
13 62 7430
33 61 7431
17 69 7432
46 68 7433
56 36 7434
65 37 7435
64 6 7436
64 30 7437
46 36 7438
17 47 7439
34 37 7440
21 63 7441
32 21 7442
55 66 7443
57 55 7444
50 45 7445
25 44 7446
45 36 7447
52 52 7448
19 31 7449
27 63 7450
55 8 7451
58 52 7452
49 28 7453
49 28 7454
65 68 7455
66 59 7456
66 61 7457
27 69 7458
49 66 7459
41 39 7460
25 15 7461
57 51 7462
19 60 7463
64 48 7464
19 28 7465
16 24 7466
55 5 7467
43 62 7468
13 47 7469
61 19 7470
55 20 7471
41 50 7472
58 3 7473
30 65 7474
15 70 7475
67 52 7476
23 46 7477
44 4 7478
1 52 7479
55 32 7480
67 28 7481
59 53 7482
53 48 7483
21 63 7484
1 41 7485
33 38 7486
69 44 7487
26 3 7488
60 53 7489
1 33 7490
33 32 7491
55 24 7492
57 11 7493
67 42 7494
62 45 7495
6 28 7496
13 57 7497
40 68 7498
30 51 7499
66 7 7500
33 57 7501
61 53 7502
6 40 7503
68 66 7504
42 44 7505
44 68 7506
68 33 7507
9 69 7508
55 66 7509
11 64 7510
43 6 7511
46 4 7512
5 13 7513
25 30 7514
63 49 7515
68 23 7516
35 64 7517
46 24 7518
43 62 7519
3 32 7520
19 63 7521
4 60 7522
39 64 7523
66 24 7524
14 52 7525
52 9 7526
44 50 7527
52 9 7528
32 53 7529
65 66 7530
4 45 7531
31 25 7532
6 7 7533
29 9 7534
54 12 7535
47 53 7536
19 50 7537
61 47 7538
62 51 7539
13 59 7540
65 64 7541
1 23 7542
31 57 7543
14 60 7544
65 12 7545
17 32 7546
57 59 7547
8 43 7548
67 39 7549
50 23 7550
68 13 7551
23 11 7552
10 58 7553
2 19 7554
36 46 7555
38 63 7556
30 64 7557
62 30 7558
38 3 7559
12 7 7560
50 10 7561
43 3 7562
23 18 7563
29 34 7564
8 39 7565
33 23 7566
1 24 7567
33 20 7568
25 58 7569
62 56 7570
4 60 7571
5 31 7572
41 64 7573
63 15 7574
2 37 7575
54 60 7576
29 23 7577
34 55 7578
51 12 7579
43 9 7580
16 60 7581
14 45 7582
37 69 7583
50 50 7584
49 32 7585
13 24 7586
28 51 7587
19 3 7588
34 29 7589
63 15 7590
20 30 7591
5 40 7592
39 68 7593
26 32 7594
67 43 7595
12 28 7596
69 28 7597
30 36 7598
5 33 7599
53 41 7600
39 16 7601
49 6 7602
50 53 7603
11 55 7604
58 9 7605
35 28 7606
27 42 7607
28 47 7608
17 10 7609
59 69 7610
69 34 7611
25 1 7612
37 70 7613
46 38 7614
62 4 7615
30 36 7616
29 56 7617
68 22 7618
26 52 7619
53 19 7620
28 51 7621
21 50 7622
45 7 7623
63 46 7624
47 67 7625
51 49 7626
32 62 7627
51 5 7628
31 62 7629
31 9 7630
49 30 7631
41 51 7632
11 59 7633
22 61 7634
37 18 7635
15 6 7636
18 10 7637
3 60 7638
48 58 7639
2 2 7640
35 27 7641
50 66 7642
53 9 7643
47 17 7644
56 10 7645
49 4 7646
70 37 7647
25 32 7648
17 16 7649
41 5 7650
32 47 7651
38 7 7652
33 55 7653
52 50 7654
65 16 7655
26 25 7656
66 33 7657
70 40 7658
20 69 7659
58 21 7660
60 39 7661
40 6 7662
27 31 7663
27 44 7664
24 31 7665
5 24 7666
7 34 7667
63 63 7668
22 47 7669
49 19 7670
66 33 7671
6 49 7672
40 16 7673
22 64 7674
9 41 7675
35 24 7676
11 42 7677
11 14 7678
42 24 7679
21 48 7680
17 13 7681
67 28 7682
23 11 7683
50 32 7684
33 33 7685
48 68 7686
30 39 7687
20 17 7688
66 62 7689
34 59 7690
35 18 7691
58 8 7692
38 57 7693
50 68 7694
4 47 7695
61 6 7696
24 59 7697
40 55 7698
19 69 7699
48 38 7700
40 20 7701
35 59 7702
62 27 7703
1 28 7704
29 41 7705
1 33 7706
22 66 7707
40 55 7708
46 67 7709
48 10 7710
70 68 7711
62 15 7712
58 11 7713
42 19 7714
9 7 7715
27 18 7716
64 32 7717
55 10 7718
22 3 7719
19 44 7720
40 60 7721
11 42 7722
5 35 7723
36 40 7724
41 36 7725
68 20 7726
12 61 7727
60 22 7728
7 61 7729
41 7 7730
15 9 7731
43 60 7732
61 65 7733
25 52 7734
12 8 7735
44 1 7736
54 44 7737
58 55 7738
19 52 7739
16 30 7740
47 12 7741
4 9 7742
2 15 7743
51 43 7744
57 39 7745
24 31 7746
15 5 7747
41 21 7748
51 62 7749
31 28 7750
15 53 7751
10 9 7752
50 5 7753
15 17 7754
64 42 7755
14 69 7756
63 20 7757
70 38 7758
35 63 7759
31 46 7760
36 2 7761
34 8 7762
22 63 7763
2 20 7764
6 1 7765
10 4 7766
19 12 7767
3 54 7768
43 3 7769
29 24 7770
54 46 7771
20 3 7772
66 45 7773
68 67 7774
34 7 7775
10 41 7776
48 45 7777
53 53 7778
5 60 7779
48 11 7780
54 63 7781
54 52 7782
23 13 7783
69 22 7784
1 57 7785
67 8 7786
4 27 7787
29 64 7788
64 62 7789
59 50 7790
7 16 7791
12 67 7792
47 64 7793
11 58 7794
40 29 7795
3 12 7796
37 65 7797
51 25 7798
28 11 7799
69 21 7800
66 66 7801
35 30 7802
27 2 7803
44 48 7804
27 46 7805
36 64 7806
37 45 7807
56 53 7808
52 60 7809
33 5 7810
44 51 7811
32 2 7812
42 27 7813
26 57 7814
47 13 7815
57 62 7816
15 28 7817
13 31 7818
7 52 7819
37 1 7820
19 2 7821
16 58 7822
2 47 7823
69 21 7824
55 24 7825
60 54 7826
35 70 7827
60 49 7828
1 65 7829
52 12 7830
23 21 7831
51 66 7832
19 3 7833
53 45 7834
10 25 7835
29 16 7836
70 57 7837
19 40 7838
8 39 7839
3 46 7840
6 66 7841
70 44 7842
7 42 7843
23 7 7844
53 62 7845
61 64 7846
31 69 7847
34 37 7848
4 22 7849
38 36 7850
21 26 7851
11 39 7852
4 69 7853
49 51 7854
44 18 7855
68 31 7856
12 68 7857
69 36 7858
22 60 7859
29 14 7860
43 2 7861
13 29 7862
32 12 7863
61 65 7864
14 66 7865
59 67 7866
47 17 7867
47 28 7868
39 27 7869
49 2 7870
33 28 7871
37 50 7872
14 12 7873
70 18 7874
68 4 7875
69 2 7876
17 26 7877
44 37 7878
64 15 7879
12 27 7880
56 49 7881
10 9 7882
52 2 7883
25 58 7884
24 19 7885
65 6 7886
69 28 7887
2 33 7888
20 41 7889
1 33 7890
7 47 7891
22 17 7892
25 17 7893
48 33 7894
33 50 7895
10 52 7896
26 11 7897
40 21 7898
16 54 7899
25 22 7900
50 9 7901
30 30 7902
28 30 7903
68 40 7904
7 62 7905
25 68 7906
16 19 7907
16 56 7908
61 62 7909
17 46 7910
38 7 7911
9 24 7912
33 67 7913
1 36 7914
18 30 7915
54 68 7916
21 56 7917
65 59 7918
26 69 7919
46 20 7920
27 43 7921
3 29 7922
51 53 7923
47 29 7924
64 60 7925
68 32 7926
63 59 7927
59 5 7928
6 36 7929
51 67 7930
1 38 7931
45 4 7932
52 63 7933
40 5 7934
53 55 7935
28 42 7936
4 37 7937
31 20 7938
31 14 7939
16 3 7940
63 64 7941
53 33 7942
23 60 7943
65 48 7944
13 62 7945
66 43 7946
23 18 7947
16 45 7948
53 40 7949
29 47 7950
17 58 7951
10 32 7952
48 17 7953
37 29 7954
26 9 7955
32 43 7956
18 21 7957
68 20 7958
13 49 7959
32 48 7960
68 23 7961
56 50 7962
48 37 7963
16 42 7964
54 60 7965
34 49 7966
13 41 7967
57 35 7968
37 1 7969
42 17 7970
70 43 7971
41 25 7972
70 33 7973
24 29 7974
31 37 7975
7 17 7976
64 50 7977
61 14 7978
56 26 7979
28 1 7980
12 51 7981
32 7 7982
17 21 7983
60 47 7984
9 5 7985
65 9 7986
11 15 7987
51 49 7988
22 38 7989
62 55 7990
49 24 7991
34 33 7992
40 54 7993
58 70 7994
61 51 7995
64 39 7996
66 47 7997
12 20 7998
45 51 7999
5 8 8000
15 23 8001
60 66 8002
1 23 8003
45 18 8004
48 45 8005
46 31 8006
8 2 8007
33 11 8008
66 41 8009
61 57 8010
5 22 8011
30 4 8012
38 55 8013
63 39 8014
36 45 8015
38 8 8016
7 30 8017
45 44 8018
8 48 8019
60 18 8020
4 22 8021
6 7 8022
30 49 8023
24 22 8024
48 51 8025
13 1 8026
70 62 8027
10 28 8028
20 44 8029
39 30 8030
67 13 8031
20 1 8032
9 17 8033
51 1 8034
29 67 8035
8 15 8036
21 40 8037
69 37 8038
47 23 8039
12 18 8040
45 55 8041
22 35 8042
67 68 8043
19 38 8044
69 41 8045
12 54 8046
66 1 8047
29 67 8048
66 26 8049
53 52 8050
44 4 8051
17 7 8052
29 40 8053
54 24 8054
37 16 8055
42 65 8056
64 26 8057
38 17 8058
59 4 8059
4 7 8060
34 23 8061
23 63 8062
57 20 8063
57 43 8064
67 32 8065
65 61 8066
46 3 8067
62 34 8068
22 52 8069
37 25 8070
68 2 8071
68 30 8072
69 12 8073
22 67 8074
6 31 8075
2 39 8076
69 21 8077
18 13 8078
27 65 8079
6 37 8080
18 66 8081
45 49 8082
55 7 8083
52 4 8084
24 46 8085
52 46 8086
36 22 8087
26 36 8088
50 25 8089
31 22 8090
44 9 8091
29 34 8092
64 54 8093
66 6 8094
27 28 8095
18 14 8096
24 38 8097
24 26 8098
13 48 8099
27 38 8100
9 11 8101
36 55 8102
30 63 8103
11 55 8104
68 50 8105
60 27 8106
8 16 8107
49 22 8108
2 2 8109
50 14 8110
49 4 8111
51 18 8112
63 42 8113
61 24 8114
12 50 8115
1 24 8116
65 14 8117
8 27 8118
40 21 8119
62 53 8120
19 36 8121
15 2 8122
21 29 8123
43 23 8124
50 6 8125
44 15 8126
4 51 8127
28 23 8128
53 42 8129
6 61 8130
50 25 8131
21 55 8132
53 59 8133
32 68 8134
11 64 8135
21 67 8136
3 7 8137
44 35 8138
7 3 8139
47 61 8140
2 22 8141
38 22 8142
8 17 8143
44 69 8144
6 43 8145
51 15 8146
67 39 8147
10 2 8148
23 70 8149
61 21 8150
52 51 8151
19 69 8152
70 11 8153
45 43 8154
24 12 8155
42 67 8156
48 28 8157
22 33 8158
9 52 8159
23 28 8160
56 32 8161
27 12 8162
40 70 8163
16 19 8164
36 3 8165
9 65 8166
49 3 8167
16 32 8168
24 45 8169
39 9 8170
63 8 8171
30 53 8172
43 17 8173
29 10 8174
4 14 8175
37 34 8176
43 45 8177
47 61 8178
45 21 8179
3 62 8180
12 31 8181
34 65 8182
68 66 8183
62 65 8184
25 60 8185
9 21 8186
55 34 8187
35 39 8188
36 40 8189
32 62 8190
16 5 8191
59 34 8192
62 5 8193
67 42 8194
59 54 8195
24 12 8196
70 15 8197
21 16 8198
34 12 8199
3 44 8200
18 24 8201
65 23 8202
68 63 8203
7 50 8204
57 5 8205
62 18 8206
42 12 8207
41 16 8208
29 55 8209
17 40 8210
12 46 8211
50 50 8212
41 24 8213
49 5 8214
4 2 8215
67 33 8216
50 3 8217
46 58 8218
52 35 8219
70 13 8220
47 57 8221
49 22 8222
42 59 8223
64 6 8224
4 49 8225
58 18 8226
18 6 8227
33 36 8228
12 18 8229
42 49 8230
62 28 8231
48 67 8232
35 32 8233
67 11 8234
10 60 8235
36 50 8236
64 14 8237
21 49 8238
36 36 8239
29 29 8240
32 53 8241
30 28 8242
59 68 8243
11 34 8244
48 49 8245
56 44 8246
34 41 8247
19 3 8248
21 50 8249
52 30 8250
49 66 8251
58 19 8252
38 28 8253
43 25 8254
44 30 8255
56 36 8256
62 37 8257
12 66 8258
65 50 8259
49 18 8260
40 20 8261
1 6 8262
6 12 8263
22 11 8264
23 23 8265
33 11 8266
59 21 8267
48 55 8268
20 60 8269
23 48 8270
15 26 8271
41 29 8272
6 58 8273
55 50 8274
22 4 8275
44 17 8276
12 55 8277
31 70 8278
47 17 8279
13 11 8280
53 63 8281
52 43 8282
12 41 8283
21 15 8284
15 65 8285
42 28 8286
22 6 8287
33 61 8288
41 1 8289
19 49 8290
47 51 8291
56 58 8292
67 17 8293
10 65 8294
22 40 8295
11 36 8296
4 21 8297
8 29 8298
59 28 8299
7 21 8300
31 66 8301
13 27 8302
23 35 8303
52 5 8304
5 34 8305
36 12 8306
12 50 8307
41 64 8308
6 39 8309
67 61 8310
48 48 8311
55 37 8312
29 2 8313
42 7 8314
51 37 8315
4 30 8316
24 37 8317
42 57 8318
28 66 8319
59 23 8320
50 2 8321
2 35 8322
42 42 8323
28 9 8324
9 17 8325
58 22 8326
41 32 8327
43 50 8328
62 22 8329
34 53 8330
42 33 8331
24 4 8332
49 12 8333
13 7 8334
18 63 8335
51 69 8336
30 34 8337
59 15 8338
33 59 8339
32 1 8340
32 3 8341
25 31 8342
9 46 8343
6 25 8344
5 37 8345
63 22 8346
28 22 8347
53 7 8348
51 37 8349
32 61 8350
18 66 8351
53 37 8352
11 6 8353
9 41 8354
13 37 8355
46 17 8356
54 40 8357
7 48 8358
37 2 8359
22 5 8360
5 40 8361
63 7 8362
70 29 8363
53 34 8364
34 61 8365
30 39 8366
20 43 8367
40 16 8368
47 12 8369
18 5 8370
35 69 8371
59 19 8372
55 19 8373
55 34 8374
31 51 8375
3 43 8376
47 8 8377
16 66 8378
21 32 8379
57 16 8380
34 39 8381
22 40 8382
25 69 8383
17 49 8384
69 38 8385
67 39 8386
12 45 8387
20 12 8388
47 8 8389
41 68 8390
70 64 8391
24 35 8392
43 21 8393
64 67 8394
37 15 8395
29 47 8396
46 63 8397
67 35 8398
69 67 8399
49 58 8400
3 45 8401
15 5 8402
27 46 8403
58 65 8404
24 45 8405
65 26 8406
53 33 8407
44 7 8408
59 59 8409
27 61 8410
26 63 8411
40 3 8412
41 45 8413
43 46 8414
10 31 8415
62 54 8416
19 22 8417
62 8 8418
4 51 8419
59 62 8420
64 64 8421
24 64 8422
14 4 8423
16 42 8424
32 37 8425
13 51 8426
13 33 8427
18 41 8428
55 30 8429
54 2 8430
5 44 8431
12 30 8432
22 53 8433
20 59 8434
27 50 8435
67 59 8436
19 28 8437
15 69 8438
3 2 8439
8 31 8440
3 58 8441
45 31 8442
57 51 8443
51 2 8444
42 59 8445
39 29 8446
49 64 8447
50 66 8448
5 15 8449
4 39 8450
46 39 8451
49 40 8452
54 24 8453
20 10 8454
67 66 8455
60 28 8456
62 32 8457
29 37 8458
32 45 8459
23 65 8460
6 26 8461
22 53 8462
60 19 8463
48 34 8464
22 33 8465
61 64 8466
48 14 8467
38 10 8468
7 57 8469
5 1 8470
50 12 8471
46 59 8472
35 11 8473
59 58 8474
22 58 8475
12 28 8476
3 14 8477
70 14 8478
42 12 8479
11 34 8480
68 61 8481
33 62 8482
8 42 8483
2 16 8484
27 21 8485
25 52 8486
28 18 8487
23 51 8488
45 50 8489
16 21 8490
2 47 8491
40 17 8492
37 23 8493
28 18 8494
47 40 8495
14 41 8496
66 41 8497
62 28 8498
4 48 8499
55 67 8500
56 56 8501
17 12 8502
17 49 8503
18 27 8504
48 14 8505
25 44 8506
29 58 8507
52 16 8508
40 29 8509
34 5 8510
67 18 8511
21 2 8512
21 37 8513
47 2 8514
69 34 8515
10 55 8516
21 37 8517
35 37 8518
11 39 8519
53 23 8520
1 43 8521
24 62 8522
33 15 8523
50 28 8524
1 45 8525
2 50 8526
30 48 8527
60 29 8528
46 28 8529
47 51 8530
46 29 8531
26 6 8532
19 48 8533
56 31 8534
52 44 8535
32 33 8536
41 41 8537
64 15 8538
62 43 8539
59 46 8540
65 8 8541
42 61 8542
53 40 8543
70 25 8544
60 1 8545
18 21 8546
19 10 8547
19 13 8548
53 36 8549
58 22 8550
29 4 8551
36 10 8552
23 29 8553
28 37 8554
23 3 8555
2 16 8556
28 35 8557
35 38 8558
38 36 8559
26 14 8560
59 44 8561
44 70 8562
52 17 8563
11 22 8564
64 10 8565
39 12 8566
7 45 8567
2 39 8568
54 16 8569
66 63 8570
53 13 8571
55 18 8572
51 24 8573
46 36 8574
69 47 8575
30 28 8576
38 50 8577
8 22 8578
55 44 8579
25 24 8580
59 38 8581
40 45 8582
56 27 8583
64 38 8584
55 50 8585
8 8 8586
54 2 8587
6 13 8588
48 23 8589
37 10 8590
45 6 8591
56 33 8592
15 14 8593
68 49 8594
25 68 8595
24 48 8596
52 34 8597
38 52 8598
46 31 8599
15 25 8600
49 9 8601
8 20 8602
48 50 8603
51 2 8604
5 14 8605
69 4 8606
33 5 8607
33 35 8608
54 34 8609
65 37 8610
5 39 8611
48 44 8612
66 31 8613
15 44 8614
60 34 8615
67 61 8616
26 68 8617
49 39 8618
44 61 8619
27 3 8620
11 34 8621
53 59 8622
21 33 8623
23 14 8624
60 56 8625
6 11 8626
7 21 8627
28 46 8628
24 40 8629
65 1 8630
64 46 8631
70 23 8632
70 12 8633
66 22 8634
23 52 8635
65 12 8636
65 30 8637
59 5 8638
1 66 8639
48 35 8640
22 70 8641
53 59 8642
34 42 8643
52 1 8644
62 59 8645
63 35 8646
65 53 8647
32 17 8648
20 59 8649
9 58 8650
17 36 8651
33 20 8652
1 6 8653
9 8 8654
46 62 8655
16 62 8656
14 37 8657
26 26 8658
35 32 8659
64 57 8660
46 22 8661
52 45 8662
36 42 8663
9 15 8664
47 29 8665
67 21 8666
4 51 8667
38 30 8668
63 8 8669
20 33 8670
65 55 8671
7 42 8672
11 58 8673
26 28 8674
16 45 8675
9 16 8676
32 15 8677
53 55 8678
47 10 8679
33 52 8680
5 65 8681
58 5 8682
17 27 8683
59 10 8684
44 57 8685
66 25 8686
52 33 8687
47 21 8688
70 49 8689
62 32 8690
39 10 8691
6 2 8692
45 39 8693
53 66 8694
48 41 8695
55 14 8696
40 10 8697
8 49 8698
51 47 8699
54 3 8700
9 12 8701
6 57 8702
8 70 8703
1 19 8704
31 65 8705
38 11 8706
66 27 8707
19 27 8708
14 61 8709
11 17 8710
52 29 8711
39 44 8712
41 44 8713
33 58 8714
18 20 8715
63 17 8716
66 25 8717
51 19 8718
29 35 8719
44 4 8720
42 47 8721
52 60 8722
46 51 8723
8 31 8724
4 68 8725
48 38 8726
19 55 8727
31 17 8728
60 9 8729
5 18 8730
54 48 8731
12 56 8732
67 55 8733
34 31 8734
39 12 8735
50 68 8736
43 37 8737
69 64 8738
2 53 8739
28 17 8740
43 66 8741
30 57 8742
19 51 8743
26 59 8744
2 44 8745
60 55 8746
28 23 8747
26 43 8748
13 22 8749
54 21 8750
5 43 8751
13 37 8752
15 7 8753
14 38 8754
6 21 8755
42 25 8756
45 65 8757
28 57 8758
36 64 8759
65 52 8760
66 18 8761
3 40 8762
3 3 8763
70 19 8764
1 56 8765
4 50 8766
62 17 8767
4 42 8768
15 49 8769
17 44 8770
11 57 8771
64 24 8772
21 32 8773
10 23 8774
42 39 8775
30 41 8776
2 53 8777
32 60 8778
13 10 8779
48 63 8780
33 46 8781
10 39 8782
57 19 8783
69 53 8784
5 48 8785
10 13 8786
14 30 8787
14 9 8788
15 53 8789
10 49 8790
69 54 8791
38 45 8792
50 1 8793
29 39 8794
6 42 8795
3 24 8796
31 43 8797
17 12 8798
26 9 8799
37 20 8800
28 7 8801
10 52 8802
51 12 8803
43 24 8804
16 39 8805
61 31 8806
4 17 8807
21 10 8808
61 31 8809
31 53 8810
17 2 8811
46 17 8812
24 48 8813
18 34 8814
67 34 8815
51 32 8816
6 40 8817
36 37 8818
22 33 8819
62 23 8820
12 57 8821
12 52 8822
1 33 8823
53 42 8824
68 68 8825
9 61 8826
25 68 8827
29 1 8828
5 33 8829
21 21 8830
46 69 8831
3 14 8832
25 18 8833
50 36 8834
9 1 8835
53 59 8836
31 63 8837
11 60 8838
61 63 8839
21 9 8840
3 32 8841
51 10 8842
60 32 8843
18 20 8844
60 2 8845
66 69 8846
42 70 8847
65 50 8848
58 12 8849
52 25 8850
25 28 8851
10 12 8852
57 11 8853
2 2 8854
45 61 8855
48 39 8856
48 55 8857
16 63 8858
26 3 8859
9 61 8860
53 33 8861
40 45 8862
4 59 8863
8 7 8864
26 62 8865
15 27 8866
11 22 8867
8 24 8868
64 40 8869
4 29 8870
25 29 8871
69 62 8872
26 68 8873
13 23 8874
16 4 8875
21 66 8876
25 1 8877
9 40 8878
4 2 8879
13 40 8880
36 28 8881
58 55 8882
45 52 8883
36 23 8884
8 1 8885
68 22 8886
55 42 8887
58 64 8888
4 12 8889
20 25 8890
54 43 8891
69 63 8892
61 35 8893
36 45 8894
32 44 8895
6 51 8896
64 32 8897
41 67 8898
54 64 8899
64 53 8900
48 56 8901
32 66 8902
2 49 8903
69 40 8904
50 67 8905
3 38 8906
25 30 8907
57 15 8908
55 39 8909
36 64 8910
3 42 8911
63 34 8912
34 59 8913
70 16 8914
49 65 8915
12 12 8916
68 57 8917
53 14 8918
28 24 8919
44 47 8920
68 55 8921
54 60 8922
10 54 8923
26 23 8924
24 17 8925
24 3 8926
40 26 8927
61 27 8928
16 42 8929
12 1 8930
59 48 8931
17 37 8932
57 10 8933
43 57 8934
8 11 8935
44 63 8936
39 3 8937
38 41 8938
15 44 8939
5 39 8940
20 4 8941
17 52 8942
31 3 8943
46 15 8944
5 49 8945
47 56 8946
25 51 8947
18 70 8948
32 70 8949
8 47 8950
31 45 8951
24 44 8952
57 66 8953
58 58 8954
14 54 8955
48 25 8956
23 21 8957
46 26 8958
11 57 8959
2 31 8960
24 37 8961
24 47 8962
66 66 8963
35 68 8964
13 46 8965
45 70 8966
68 13 8967
20 69 8968
50 36 8969
2 60 8970
40 14 8971
19 10 8972
34 56 8973
13 70 8974
40 36 8975
55 47 8976
9 33 8977
56 43 8978
46 69 8979
50 48 8980
60 5 8981
61 11 8982
2 41 8983
24 59 8984
14 21 8985
41 19 8986
2 25 8987
19 25 8988
56 54 8989
13 32 8990
34 28 8991
33 18 8992
47 39 8993
1 44 8994
8 45 8995
4 26 8996
35 41 8997
24 70 8998
38 53 8999
45 10 9000
43 4 9001
41 32 9002
36 54 9003
28 62 9004
27 61 9005
47 42 9006
16 67 9007
48 68 9008
54 35 9009
1 64 9010
42 5 9011
10 2 9012
37 2 9013
24 42 9014
33 22 9015
16 26 9016
67 66 9017
30 43 9018
48 57 9019
24 16 9020
49 33 9021
59 25 9022
3 31 9023
41 31 9024
4 61 9025
5 15 9026
53 51 9027
12 67 9028
17 47 9029
18 8 9030
69 54 9031
3 8 9032
27 43 9033
26 42 9034
49 20 9035
25 67 9036
61 35 9037
7 22 9038
13 67 9039
11 3 9040
60 52 9041
16 53 9042
15 48 9043
12 43 9044
36 64 9045
29 22 9046
66 50 9047
15 41 9048
70 9 9049
21 12 9050
64 38 9051
41 15 9052
32 30 9053
70 45 9054
26 31 9055
56 46 9056
57 7 9057
27 4 9058
46 69 9059
25 45 9060
48 42 9061
6 4 9062
21 27 9063
46 55 9064
48 15 9065
61 8 9066
45 8 9067
10 29 9068
34 3 9069
44 11 9070
68 1 9071
48 52 9072
36 70 9073
69 33 9074
38 34 9075
4 60 9076
45 40 9077
6 67 9078
42 34 9079
38 48 9080
43 12 9081
23 8 9082
2 20 9083
39 46 9084
47 44 9085
67 45 9086
9 18 9087
24 8 9088
49 32 9089
39 10 9090
5 15 9091
51 47 9092
32 8 9093
16 16 9094
14 40 9095
13 69 9096
2 24 9097
7 40 9098
40 67 9099
18 45 9100
66 41 9101
11 56 9102
63 39 9103
62 12 9104
24 60 9105
46 40 9106
27 5 9107
28 57 9108
1 2 9109
51 55 9110
24 50 9111
47 33 9112
4 59 9113
40 5 9114
70 47 9115
2 59 9116
48 6 9117
30 39 9118
13 20 9119
11 43 9120
51 60 9121
44 53 9122
69 30 9123
52 33 9124
63 35 9125
13 14 9126
10 45 9127
10 20 9128
25 56 9129
8 16 9130
36 8 9131
25 31 9132
28 14 9133
48 23 9134
65 18 9135
36 5 9136
41 52 9137
27 51 9138
23 66 9139
18 66 9140
12 14 9141
65 30 9142
16 45 9143
17 48 9144
55 16 9145
57 59 9146
16 53 9147
55 54 9148
63 26 9149
32 14 9150
63 11 9151
23 4 9152
7 38 9153
68 36 9154
58 57 9155
6 62 9156
66 25 9157
67 52 9158
25 58 9159
28 52 9160
39 13 9161
32 22 9162
37 41 9163
32 40 9164
52 56 9165
42 7 9166
62 37 9167
46 28 9168
9 31 9169
24 16 9170
68 39 9171
64 21 9172
5 28 9173
17 52 9174
29 1 9175
9 35 9176
67 9 9177
48 40 9178
56 64 9179
60 56 9180
66 6 9181
31 12 9182
15 66 9183
50 19 9184
42 56 9185
55 53 9186
41 64 9187
43 70 9188
23 68 9189
54 18 9190
34 23 9191
43 31 9192
34 5 9193
26 18 9194
1 4 9195
37 58 9196
35 45 9197
28 59 9198
20 24 9199
23 1 9200
2 41 9201
37 46 9202
27 45 9203
48 67 9204
64 43 9205
11 59 9206
32 64 9207
53 28 9208
25 40 9209
28 70 9210
54 62 9211
48 50 9212
16 26 9213
35 63 9214
55 3 9215
40 31 9216
25 13 9217
27 27 9218
48 10 9219
3 1 9220
1 27 9221
22 63 9222
39 66 9223
47 31 9224
68 26 9225
30 14 9226
38 27 9227
69 49 9228
9 65 9229
52 35 9230
9 2 9231
38 51 9232
57 3 9233
4 57 9234
70 34 9235
4 49 9236
70 18 9237
59 44 9238
21 2 9239
32 20 9240
27 1 9241
44 57 9242
30 26 9243
15 6 9244
48 57 9245
40 17 9246
3 35 9247
64 52 9248
64 37 9249
14 25 9250
28 44 9251
2 59 9252
10 54 9253
51 48 9254
3 60 9255
26 28 9256
7 57 9257
61 62 9258
22 50 9259
62 31 9260
64 8 9261
33 2 9262
67 45 9263
9 12 9264
62 17 9265
65 41 9266
6 52 9267
42 29 9268
38 13 9269
37 19 9270
67 19 9271
21 10 9272
37 50 9273
10 47 9274
18 24 9275
56 38 9276
66 46 9277
45 38 9278
56 48 9279
50 45 9280
58 43 9281
6 7 9282
47 66 9283
8 55 9284
58 16 9285
43 23 9286
34 40 9287
24 60 9288
17 38 9289
31 6 9290
41 53 9291
45 20 9292
8 65 9293
36 25 9294
54 46 9295
62 26 9296
12 32 9297
61 55 9298
47 1 9299
26 42 9300
2 1 9301
49 65 9302
13 69 9303
12 24 9304
39 33 9305
51 54 9306
14 67 9307
21 70 9308
10 13 9309
62 11 9310
67 54 9311
17 44 9312
30 55 9313
69 4 9314
28 9 9315
43 15 9316
38 19 9317
34 10 9318
70 64 9319
46 63 9320
8 64 9321
30 46 9322
65 49 9323
62 38 9324
9 36 9325
29 64 9326
58 53 9327
51 26 9328
3 8 9329
51 5 9330
14 70 9331
48 31 9332
37 41 9333
17 24 9334
23 50 9335
50 12 9336
62 40 9337
36 66 9338
24 21 9339
13 43 9340
54 43 9341
16 2 9342
42 16 9343
51 44 9344
10 44 9345
39 8 9346
51 22 9347
29 34 9348
68 7 9349
56 65 9350
65 42 9351
20 67 9352
30 39 9353
63 70 9354
4 31 9355
12 31 9356
19 26 9357
23 64 9358
28 49 9359
43 32 9360
43 44 9361
37 52 9362
47 25 9363
60 2 9364
68 25 9365
16 50 9366
21 66 9367
52 70 9368
31 39 9369
25 19 9370
50 30 9371
14 22 9372
8 29 9373
63 24 9374
8 46 9375
24 32 9376
11 16 9377
24 26 9378
15 69 9379
24 56 9380
47 40 9381
55 65 9382
27 6 9383
33 18 9384
36 21 9385
48 26 9386
40 37 9387
11 27 9388
20 19 9389
27 62 9390
16 49 9391
59 55 9392
24 54 9393
59 38 9394
19 21 9395
36 38 9396
59 59 9397
9 55 9398
43 13 9399
62 52 9400
6 42 9401
53 55 9402
36 6 9403
25 19 9404
16 59 9405
11 65 9406
42 9 9407
8 42 9408
70 38 9409
34 36 9410
16 7 9411
56 43 9412
61 8 9413
41 33 9414
13 8 9415
39 70 9416
34 18 9417
26 44 9418
7 35 9419
62 36 9420
26 49 9421
37 44 9422
45 3 9423
29 27 9424
21 57 9425
27 29 9426
6 60 9427
58 2 9428
3 13 9429
26 55 9430
44 53 9431
44 40 9432
63 33 9433
16 34 9434
24 27 9435
22 42 9436
10 21 9437
18 53 9438
20 45 9439
57 53 9440
19 24 9441
47 35 9442
17 1 9443
35 51 9444
24 39 9445
58 51 9446
35 38 9447
22 49 9448
1 10 9449
13 42 9450
17 55 9451
23 1 9452
37 8 9453
40 11 9454
61 16 9455
61 1 9456
30 33 9457
33 42 9458
5 40 9459
14 40 9460
46 6 9461
47 66 9462
33 60 9463
2 4 9464
18 66 9465
43 44 9466
10 61 9467
22 27 9468
18 17 9469
31 20 9470
40 44 9471
63 53 9472
47 63 9473
37 56 9474
38 9 9475
55 24 9476
35 56 9477
41 21 9478
62 4 9479
12 25 9480
47 45 9481
66 69 9482
20 39 9483
51 50 9484
13 56 9485
47 32 9486
4 11 9487
23 61 9488
20 1 9489
7 47 9490
40 6 9491
41 17 9492
43 9 9493
34 62 9494
14 54 9495
19 16 9496
37 11 9497
50 3 9498
26 38 9499
19 35 9500
26 14 9501
2 1 9502
52 21 9503
50 31 9504
63 7 9505
6 41 9506
14 64 9507
54 61 9508
48 7 9509
48 19 9510
52 28 9511
49 2 9512
44 43 9513
9 18 9514
36 63 9515
33 50 9516
6 61 9517
68 7 9518
34 34 9519
28 68 9520
15 45 9521
33 35 9522
8 2 9523
30 2 9524
56 48 9525
58 53 9526
20 43 9527
62 22 9528
60 60 9529
42 63 9530
38 52 9531
55 27 9532
66 19 9533
20 24 9534
47 16 9535
11 61 9536
19 15 9537
6 53 9538
38 13 9539
38 46 9540
26 7 9541
56 36 9542
39 15 9543
20 22 9544
10 22 9545
49 59 9546
53 6 9547
5 37 9548
34 28 9549
36 63 9550
3 6 9551
23 18 9552
13 54 9553
7 40 9554
21 15 9555
53 33 9556
34 60 9557
28 61 9558
56 33 9559
55 14 9560
48 39 9561
10 8 9562
14 49 9563
43 29 9564
47 48 9565
27 36 9566
62 32 9567
34 58 9568
22 61 9569
51 54 9570
48 54 9571
1 68 9572
13 26 9573
9 67 9574
7 70 9575
21 21 9576
19 56 9577
36 8 9578
19 45 9579
24 57 9580
23 49 9581
8 35 9582
37 60 9583
56 17 9584
2 20 9585
7 41 9586
57 15 9587
16 55 9588
12 22 9589
40 37 9590
16 49 9591
11 60 9592
40 62 9593
70 40 9594
62 13 9595
39 69 9596
36 22 9597
35 39 9598
47 59 9599
26 23 9600
29 16 9601
69 23 9602
61 32 9603
3 61 9604
9 60 9605
55 46 9606
48 39 9607
33 61 9608
37 55 9609
14 49 9610
10 32 9611
66 16 9612
19 35 9613
18 49 9614
36 66 9615
41 18 9616
3 14 9617
15 16 9618
49 30 9619
29 11 9620
54 18 9621
38 23 9622
61 1 9623
5 66 9624
22 29 9625
5 31 9626
66 48 9627
28 19 9628
3 32 9629
66 55 9630
16 17 9631
57 50 9632
12 24 9633
8 4 9634
65 31 9635
56 43 9636
15 45 9637
40 51 9638
43 62 9639
34 26 9640
28 7 9641
30 70 9642
64 7 9643
48 44 9644
20 38 9645
41 12 9646
31 15 9647
8 17 9648
38 50 9649
51 68 9650
3 11 9651
60 27 9652
33 16 9653
12 24 9654
62 30 9655
51 42 9656
18 26 9657
45 7 9658
38 66 9659
66 50 9660
60 22 9661
67 68 9662
1 6 9663
57 4 9664
46 36 9665
40 8 9666
61 8 9667
2 30 9668
39 31 9669
24 48 9670
42 57 9671
54 24 9672
60 38 9673
8 23 9674
35 56 9675
40 15 9676
22 62 9677
64 37 9678
4 32 9679
48 33 9680
54 41 9681
19 23 9682
64 8 9683
47 60 9684
22 62 9685
44 50 9686
63 54 9687
20 28 9688
14 15 9689
31 22 9690
2 51 9691
62 65 9692
33 26 9693
46 15 9694
3 69 9695
62 21 9696
14 44 9697
61 6 9698
63 13 9699
63 35 9700
30 28 9701
47 58 9702
68 54 9703
63 23 9704
5 60 9705
69 2 9706
57 33 9707
29 5 9708
59 65 9709
45 6 9710
38 19 9711
2 58 9712
3 45 9713
54 3 9714
24 24 9715
26 17 9716
3 61 9717
18 63 9718
6 7 9719
53 4 9720
70 16 9721
43 48 9722
18 19 9723
30 22 9724
22 58 9725
28 32 9726
27 40 9727
58 56 9728
16 11 9729
13 64 9730
60 41 9731
35 12 9732
36 33 9733
63 40 9734
3 37 9735
31 31 9736
21 17 9737
21 39 9738
50 20 9739
9 26 9740
11 7 9741
37 12 9742
67 3 9743
58 63 9744
45 7 9745
11 11 9746
48 13 9747
67 50 9748
1 4 9749
27 17 9750
1 29 9751
44 14 9752
22 23 9753
4 11 9754
36 61 9755
23 57 9756
15 25 9757
23 52 9758
63 24 9759
23 33 9760
63 29 9761
55 61 9762
62 61 9763
62 18 9764
35 26 9765
70 40 9766
31 20 9767
31 60 9768
58 59 9769
26 2 9770
66 65 9771
1 53 9772
49 10 9773
45 70 9774
7 40 9775
16 4 9776
40 27 9777
46 43 9778
20 21 9779
2 10 9780
28 51 9781
28 62 9782
7 4 9783
24 67 9784
37 60 9785
65 31 9786
54 31 9787
13 60 9788
60 44 9789
67 3 9790
1 17 9791
55 5 9792
10 39 9793
61 57 9794
4 55 9795
54 5 9796
54 8 9797
22 16 9798
2 53 9799
31 30 9800
26 30 9801
23 43 9802
17 70 9803
35 42 9804
47 31 9805
55 28 9806
8 57 9807
50 48 9808
61 10 9809
59 48 9810
3 38 9811
21 54 9812
57 29 9813
33 60 9814
25 56 9815
28 22 9816
44 17 9817
54 57 9818
60 36 9819
5 6 9820
7 33 9821
4 1 9822
39 53 9823
40 21 9824
69 15 9825
10 67 9826
42 8 9827
55 29 9828
59 5 9829
63 66 9830
18 21 9831
22 15 9832
50 68 9833
60 32 9834
5 48 9835
66 10 9836
36 60 9837
68 35 9838
20 28 9839
43 57 9840
24 66 9841
54 4 9842
27 67 9843
48 70 9844
64 57 9845
54 41 9846
31 49 9847
38 69 9848
17 4 9849
46 65 9850
54 32 9851
55 36 9852
51 33 9853
11 22 9854
8 27 9855
47 67 9856
27 54 9857
4 25 9858
13 51 9859
45 38 9860
11 15 9861
38 52 9862
19 69 9863
42 11 9864
16 21 9865
64 33 9866
6 22 9867
42 61 9868
12 8 9869
45 66 9870
63 14 9871
18 35 9872
34 4 9873
13 26 9874
9 46 9875
15 19 9876
52 61 9877
67 55 9878
12 63 9879
16 52 9880
16 1 9881
48 18 9882
56 57 9883
52 54 9884
35 39 9885
60 34 9886
17 35 9887
6 58 9888
29 2 9889
13 12 9890
55 6 9891
14 48 9892
40 14 9893
1 60 9894
18 67 9895
55 48 9896
41 35 9897
11 10 9898
52 60 9899
58 15 9900
