69 70 5000
1295 2823 2453 1666 1316 4325 2277 3286 3033 1439 1702 1853 461 2258 3800 1334 3704 4357 3571 3086 1328 239 2325 3218 4365 3264 3370 937 2600 2743 867 4168 125 1191 3075 2428 1122 526 674 3245 1232 2500 4070 1700 396 3690 2243 2018 1658 3053 1839 1738 4764 2384 2218 1175 1966 2398 992 2612 980 1221 3149 2558 3056 547 4003 3300 4756 2235
1310 2420 4209 1764 3720 366 3090 245 4248 423 2563 4206 489 192 229 341 666 3411 3981 4129 4580 2839 3035 2645 2641 3787 2857 276 3493 3064 2653 3048 2036 2358 1758 3605 1202 3392 2217 1214 4676 2578 1246 703 4259 4529 999 4564 2548 682 1875 106 4549 3236 487 1907 1406 507 1447 3510 2440 609 399 3198 2535 306 3714 2239 653 1932
496 2936 3232 1263 4324 2691 848 1827 2418 1911 2770 913 1342 3544 294 2152 907 457 431 2651 33 2871 2848 2862 2673 3153 3214 585 1037 2828 701 4049 2865 2894 4748 4024 3335 2701 2206 2713 2088 2784 2499 4610 2960 3398 471 3930 2475 1018 2068 1261 1796 388 4191 3371 3942 3702 1687 4083 904 2771 2768 4227 918 3883 1306 52 2974 1477
291 801 519 2054 680 1182 807 4643 1901 4219 734 2782 1754 4767 3998 3763 809 4513 2939 485 1756 271 742 4190 2562 2234 3494 814 584 2552 4288 843 527 748 3464 3215 2138 3517 2513 1012 3938 4587 3036 95 3102 1132 1567 1674 381 2444 1126 1670 4566 3319 3697 3122 4761 711 2468 2112 2956 409 553 3893 3550 3752 1111 4071 157 4149
1503 2197 1255 965 3575 1541 2381 1296 4266 161 3836 1340 921 1832 3305 3835 2114 2560 289 3524 3063 2222 4444 2986 4531 4740 377 2014 3846 1951 1524 1269 1445 744 4630 1 3538 902 3748 1753 2744 2969 1726 198 3920 3089 372 2408 947 1565 3683 4378 4390 491 2011 3780 4690 1924 3368 336 2194 2501 1300 1361 1793 2780 3212 1482 3766 2155
2181 876 1968 4270 3669 149 118 2898 1085 2748 167 3041 1969 4788 3609 2175 482 1961 1736 3733 543 3703 2403 3914 3133 2203 1562 3578 4680 3059 2555 1603 3107 2789 591 2761 1681 4372 4520 55 2273 2584 1476 3547 1732 1030 1253 2284 4057 2932 2342 3622 250 156 3625 3006 4081 351 2703 3598 1457 4574 4789 2162 2317 3402 2993 4817 3689 214
3701 3228 840 256 2164 2568 2553 3732 4352 4027 4644 2946 886 1152 2824 1630 4733 716 1713 197 1699 3504 4556 87 2118 2689 2127 286 4482 662 3395 2233 4807 422 2599 4360 786 1766 770 1185 2875 2955 4617 2997 215 1583 194 1294 387 4670 2854 139 926 4268 1618 3281 2597 1260 4201 180 692 1149 564 2449 1934 2912 651 4182 1048 1301
4161 3640 2123 2978 4589 4572 3169 882 1881 2352 2864 2602 134 4532 2704 290 3745 1290 2290 2363 144 3015 4345 838 1577 3210 2592 4183 1252 2170 623 1519 3826 3682 2887 1896 178 1354 3152 1616 2526 1033 4600 2326 1385 3120 3929 1812 2386 1400 490 2819 4769 1368 2441 1884 2987 537 754 3076 2796 1574 988 115 4019 4627 3455 1025 2128 874
3945 2495 2189 3478 4464 2476 1183 940 3026 3125 808 1474 695 3061 1459 2144 3740 248 3539 3290 4816 3227 3024 1481 3632 354 4713 998 4307 4293 2050 3972 1028 324 4341 1772 552 347 929 3708 2431 269 575 4648 3699 3110 3776 2672 4059 3241 2815 4801 1746 266 4256 2159 79 4350 1137 1983 2187 1303 51 3067 2644 3651 1142 3848 3302 4353
2700 3457 191 2984 1315 2140 299 2575 4046 3009 2694 3655 4091 1695 1387 2545 3117 3339 2104 3909 330 4351 2724 3407 3630 2963 1008 554 1665 1171 1917 3931 2160 2353 3969 3055 1381 4449 4427 352 3725 335 3018 1462 3190 871 2945 3230 2010 4224 1131 2992 3917 2646 4827 376 374 2344 2261 728 4340 4796 3031 3705 69 1505 4346 1557 2906 1724
2822 4654 2479 3869 2434 2712 3808 1380 2909 2943 2242 3270 2300 3083 1645 4684 3762 345 4105 3977 3094 863 1892 3788 616 881 3285 3722 706 1004 892 1410 2922 3465 4404 4809 244 898 314 3374 4165 1446 1216 3810 236 2911 2836 1549 2534 1499 3871 4762 3761 2788 2349 4023 1244 4282 432 1241 617 2288 2246 3579 726 3755 3687 2310 2618 1727
1251 4359 2046 3057 2720 3221 4637 685 700 3696 4422 1283 2313 1734 1046 2866 136 2253 3135 1493 4065 4063 3964 1653 983 2767 2383 4234 267 3830 4448 2076 2279 1617 3922 3145 469 206 4800 1257 2133 1886 484 2843 3262 4539 3113 4555 3805 3758 2286 1023 3207 2899 3020 3681 3496 1242 4406 2297 1237 2554 901 1622 2151 3070 4146 4734 2394 160
2847 1338 2574 3557 3875 4043 2364 1318 93 3441 694 4744 2967 3809 878 1838 3991 4331 1982 111 768 1568 1389 1011 1210 1547 1538 3021 619 3795 2474 16 2289 4362 2102 3408 2019 2357 148 188 4289 3919 4074 2876 3870 4382 4137 1395 2547 1112 1721 2371 3778 2446 3399 4300 3633 1539 1356 1950 2033 3472 3979 2505 2020 3322 3278 2027 1823 3892
2682 4646 1763 3812 1319 2455 4505 4306 3127 3480 1453 3906 426 4361 3315 2799 803 2060 3936 1325 3367 654 2686 2778 3275 4028 539 1810 4370 900 2339 4381 960 4495 3263 1168 1742 1407 3158 3331 3077 3915 2435 3209 1393 2980 272 1922 4107 1936 339 2417 1857 752 3320 4124 3426 1858 3011 4743 2409 1148 1473 1404 2520 1291 1626 1878 2657 4602
4815 2757 710 4443 948 98 545 2924 2392 827 953 458 277 1055 2577 4694 367 3155 4238 4424 75 2900 3201 2066 2070 2116 856 1287 673 3880 1417 2285 235 123 2714 1752 1020 978 3463 2830 2699 1268 2230 4127 3856 4135 638 2437 109 447 2329 3577 2648 4321 3656 778 3671 3034 508 905 1360 2069 1859 424 1097 4076 1642 3085 3186 2380
2732 760 2333 1834 880 83 1774 4017 4312 779 3878 1118 3242 994 3506 1363 1209 1285 2298 2972 3574 1213 213 781 72 28 4034 1566 282 1271 2031 3323 4402 3184 2107 2021 81 2147 4147 2729 3004 1788 4371 4481 4163 2807 3216 4054 1540 462 4358 433 925 865 1995 2964 517 950 4741 1963 50 557 2029 2106 4022 3667 727 1355 2311 3793
1114 3522 2424 3587 4813 1909 4200 3817 3115 589 4441 2268 1655 3424 82 3419 173 3768 4732 2726 30 382 4636 1224 3088 1286 4180 4569 3317 2827 4612 4334 4292 4012 3822 288 2280 1359 2466 877 2861 4203 3189 1641 853 1135 3495 890 3901 322 3743 546 1767 610 3079 3005 3783 4584 3353 2013 2790 4798 154 3038 184 3874 4329 4296 639 3950
3279 3381 793 3997 2519 1165 521 1487 3326 1545 413 342 1311 4689 2630 3432 3052 721 1188 2542 455 169 1308 1867 3989 3192 3273 2879 3694 3486 4548 486 2051 830 4066 762 1227 2643 4186 4439 56 66 3833 1530 2209 2615 3139 4776 1929 3641 3151 689 4515 736 3731 3040 1219 2570 4185 1992 893 264 3358 2464 1991 3948 696 2338 1579 1264
1940 2810 343 776 310 4576 444 955 1501 4246 4474 1098 3142 702 1228 4699 1154 4086 4604 656 1517 3146 1032 2977 3840 3784 1712 4516 2903 3863 4792 1926 23 488 4386 1429 4388 4588 505 4622 1153 2281 1970 2341 1532 1071 1654 3946 2624 138 1106 812 3425 3058 1056 2891 1805 1463 3473 1828 4164 1644 1141 3272 3266 35 3206 1594 4368 3422
961 1937 1837 2415 1212 1921 3618 2224 2537 3886 3299 2136 2921 3982 2354 466 2623 735 4260 2581 2904 251 1178 1866 3564 2766 257 3471 4770 1942 3659 393 295 4221 1490 3947 92 2432 3499 78 212 3366 153 588 906 404 2795 4475 3187 1515 2528 2450 4143 3111 3293 4192 1314 525 966 1685 3648 1957 3995 2109 3779 1402 450 4327 3970 1412
822 2008 480 2447 1390 797 2826 1649 2332 122 1376 4450 2343 2707 1121 3921 4377 3276 2981 2614 1449 2870 3541 2215 1554 3179 3333 4399 3410 1150 777 1709 4502 2459 131 709 2321 2287 1830 4126 449 1906 316 2490 1043 2953 663 3918 3706 2185 2494 416 908 4751 2096 1546 309 1748 1511 1173 3777 2639 3760 2930 1733 2041 3369 1293 834 460
2559 916 1201 4562 44 2884 1817 4410 3261 3954 2168 4632 3792 4038 2721 2142 332 956 2541 3003 4119 771 943 4079 3644 3416 2075 641 2005 127 1900 1418 73 4303 1608 642 2785 4719 1015 454 4173 1069 427 3816 4029 4828 649 27 2496 3389 1448 1089 2698 1335 2227 891 3854 3097 4728 3582 3590 1313 2803 1424 1428 3456 1192 4356 2594 3343
2156 1873 2895 581 1852 550 1113 121 4778 1166 4156 1947 4598 1470 2852 1169 3054 1634 738 2708 606 1259 3993 2797 3430 3653 3104 3448 2130 3908 1489 1200 38 4722 255 233 2508 1507 2171 1194 1860 4545 800 2002 791 3665 2247 1117 3313 193 2910 933 3811 4752 45 1027 510 4438 4125 855 1443 4089 473 205 274 1383 2188 987 535 1640
4369 333 582 2605 1160 4100 1116 12 720 3421 152 927 1172 3037 4563 648 3535 3967 4002 1720 391 4285 2205 4781 730 4628 3924 4419 3986 3156 3042 4455 3796 446 1718 503 2388 61 3379 2146 445 4826 13 3277 1465 3719 4111 2183 4355 226 3626 3957 1394 3861 3475 3624 346 116 780 1688 633 1560 4295 2998 2095 2330 2429 3685 3520 3956
4803 2323 2482 4225 2979 3635 4469 2108 4322 1706 3292 249 1086 2059 4806 2772 2982 3807 117 4611 1332 3017 4317 4009 1925 4753 1569 1433 2543 4500 362 4210 1506 414 1432 1024 2236 2367 1091 3337 2433 1651 4583 1040 2511 578 836 1177 4681 4051 2747 2176 2385 4187 931 2 2634 513 2504 1861 594 4109 189 1110 4236 3103 2391 110 8 650
328 2664 34 1384 3536 788 4746 210 4701 3454 3614 1220 4659 3757 3012 3525 580 370 4613 1426 3688 2084 2880 493 24 3589 2596 4742 1357 1998 3516 802 2564 504 3096 4158 287 3563 2370 407 3193 3730 2139 2735 1520 1317 4711 65 1103 3014 4557 439 1887 1094 1262 4535 1776 3123 1704 2959 1851 1870 2186 3519 2460 3168 1145 3010 672 614
1124 3839 1409 3518 4829 2094 3265 3401 3923 785 1072 195 2738 1230 74 945 1292 3585 190 3786 2913 4750 4115 4409 3887 4244 1256 658 850 1607 875 4217 2177 1915 954 1002 3551 2348 2257 4411 1074 107 870 1077 201 1798 2670 697 2161 4261 2345 3253 4363 4468 1850 542 2730 2514 1125 3477 4251 1943 3898 1041 477 4780 4453 548 4652 857
3291 2902 4301 3287 360 4387 2692 2754 813 3567 2340 2756 253 2454 472 540 2652 1840 1605 590 3175 132 3437 2716 1779 2299 2190 4683 2081 4297 2328 2396 3177 3556 57 3718 4704 3440 105 3488 2595 3710 1373 3907 946 4013 4507 2324 2844 4511 394 4454 2103 3047 2337 1914 3078 2336 2074 3106 2831 2962 4655 839 415 2856 4222 3695 1337 3727
660 2306 3642 3668 1305 3794 2994 4660 4415 2829 4819 182 2617 3237 502 4568 792 3342 1475 4330 3684 459 2044 1599 3716 2787 3355 1483 2267 1003 677 4231 1469 4768 1331 1959 2091 4624 2430 4269 1570 3393 1421 821 2669 767 3806 4157 1883 597 1902 3028 3112 2649 1928 3417 690 3891 2636 4073 982 2221 4242 4830 1693 4407 532 3409 3019 1997
1218 1516 981 3999 4503 2497 2968 930 2749 1799 4623 2251 4385 417 3698 2470 325 3513 1686 84 1508 187 3789 4434 209 571 4607 4228 1625 1984 4223 664 560 4030 4599 1105 2530 2655 561 3902 1648 158 4417 4380 4799 4056 746 4656 531 2049 1466 3662 4649 2737 846 2307 1472 400 3676 4006 1691 4758 1522 1587 715 2850 1553 4431 1725 4640
2395 3132 4551 832 1437 1829 4524 4397 4518 1759 2610 4226 3850 3831 3734 2678 4310 29 2238 4308 3554 238 923 21 3576 3460 3531 1848 3753 1076 1289 2883 2533 4401 4299 4004 1826 499 568 2509 4698 1189 833 162 389 2416 2989 3672 4148 671 371 402 2753 3693 3828 2080 2249 829 1879 1868 4772 443 2733 1882 4290 782 1847 2609 2210 2158
1985 1979 1741 4777 769 4123 1083 4145 3959 1243 2105 787 1478 3639 3183 261 2892 1197 538 4258 1636 995 3508 1816 1795 1518 4579 2580 1509 436 3617 1369 2933 4204 2818 3226 3627 4101 603 4755 2869 1321 3197 4498 3802 1787 1139 4179 133 4189 2606 4239 3889 3900 3148 665 1598 4669 1450 2412 1096 1669 3173 4005 1436 2012 1890 292 2565 3896
1284 142 3502 1920 1510 2663 2201 4447 3280 2451 753 1768 4272 4467 2025 704 3677 3282 1495 2269 747 4430 4094 4396 321 1226 2045 3116 3171 2502 199 3354 4326 2425 1504 1351 3974 866 3984 3798 3664 2473 3298 4703 4332 2375 628 2207 1272 4749 3144 3396 3336 1207 4567 3130 4177 3308 1757 1675 820 899 211 4240 242 2950 3838 3526 2549 4496
765 1001 4492 3318 4499 4664 3581 4130 652 4710 2153 2923 3165 572 611 2671 1723 4476 4001 3294 1140 3739 919 4138 1730 1279 2373 4673 3481 4281 155 1672 888 1918 172 4435 4315 959 2928 3978 186 2086 3759 3975 3140 4072 699 1898 936 4062 4114 4102 1716 4522 3452 851 2100 2816 59 4519 2764 3608 1277 2478 1496 1038 4342 1978 1797 2048
3414 732 1993 1778 3562 2627 3479 3244 1416 4283 530 4550 2087 1913 1196 2598 2445 2442 1398 311 2062 1962 3413 4153 202 1628 1265 544 3347 3952 1021 1953 2016 2125 3634 2319 1977 2805 4618 3008 355 1403 3549 3000 2042 713 3532 1309 4195 1638 476 2621 2225 3412 3637 2315 2089 2461 1134 2925 4697 326 2248 3983 3357 3346 4429 2529 1193 26
3774 3606 4131 2397 1061 4348 3470 334 18 1597 1327 4465 405 2065 4647 3129 246 3467 1151 3231 1324 3400 216 4766 536 631 636 1663 3645 1735 120 4169 1026 2402 3785 60 1180 860 3545 2296 3382 1233 4110 4460 3025 3498 3937 2472 2137 1595 1273 4651 2838 2666 3790 1854 2845 2952 2294 1967 4526 942 1143 675 2063 3482 3505 4488 2996 4061
2758 4313 2250 3514 3658 2452 1842 2301 196 2057 260 4170 2278 1809 1771 1513 218 847 883 265 3307 3815 1593 4446 826 3043 4162 4658 647 361 1044 574 4754 3820 4250 4267 2393 1590 4645 1802 1307 1492 3595 4504 1107 3436 3583 2295 2896 2773 1855 745 3968 3996 2668 3537 944 1908 3749 3143 3500 247 2167 1558 3338 452 1960 77 783 707
1270 96 558 2122 1659 868 2607 177 4106 185 2481 2590 1555 4314 626 327 2858 3603 889 2439 996 2878 1705 3255 3451 1374 1280 4255 2350 3958 4537 1138 3782 3283 2274 2457 2656 4080 470 222 3450 4257 849 3250 298 1561 725 4471 4207 2037 4373 2587 993 806 1821 896 2781 1971 3213 2064 4060 304 1093 4814 1164 4793 4150 678 2654 858
217 4050 897 1661 4633 1684 2198 1060 4592 4020 1352 1377 1099 1238 4133 3329 1529 1580 3507 3904 1022 1612 363 1427 1586 3007 1320 1014 3565 1378 3066 2462 4626 3254 1739 2483 2711 1889 729 2491 1336 2725 717 4489 2347 2914 2619 1070 3612 141 2004 165 3636 2113 2131 3990 3674 412 774 3289 99 263 3568 1591 1203 1824 1123 3154 3248 1249
772 3862 1130 1144 4616 2143 2539 4716 4582 835 219 2667 2806 203 743 1919 2633 2849 757 1266 1676 3932 3661 2407 2536 2901 237 2346 3087 4486 1413 3377 2786 917 1275 4140 4400 2334 232 3163 989 2067 2961 2573 22 3657 3334 2544 1792 1440 3542 4309 4018 4418 3164 39 456 1581 241 4421 1322 2263 2762 1029 2731 4609 1179 3303 1420 4812
31 1871 3182 85 4466 2401 3742 1785 3239 2926 4578 622 3240 4298 4241 2517 4590 1115 275 2276 3243 4199 1728 3723 3994 297 1989 1994 2985 1161 556 1910 3631 1119 731 3709 3529 4033 3814 2647 2071 4561 3101 4093 1762 3533 1680 1765 4512 1877 823 2794 845 1948 3029 1431 4211 498 2719 3022 1147 3220 1391 1543 3781 2976 2271 957 1643 2426
740 3943 4035 2148 2039 4620 2775 2851 2811 4727 1893 4178 2264 3257 3754 3445 4702 3433 3966 4738 3469 4757 3350 3167 4095 1931 3615 4193 46 2718 2793 2825 285 2777 1664 1935 1611 2949 2374 3925 268 4122 3082 862 991 2988 3443 621 2192 437 1162 541 19 4650 4249 3611 3484 453 2804 2204 1408 1422 2538 1814 1711 17 3837 646 3876 533
492 4774 1559 89 1452 3691 479 1234 2390 3084 4688 4737 313 1386 4708 1794 262 2965 1864 4160 390 1589 4420 2893 2308 179 3252 3344 2935 4542 4603 4597 693 1820 2792 3707 4014 4112 3166 912 4735 935 4015 514 4672 766 4494 4668 1825 2372 124 70 2003 481 2377 3521 2750 1899 1078 2272 3191 3349 4077 4818 758 1059 3251 1128 2515 2193
2687 773 4538 1167 3461 4696 3235 1486 1498 1039 1250 4525 3643 2157 230 576 3340 3114 1127 1245 4437 2174 741 4121 3418 174 3258 3773 4116 2934 3016 2604 3905 587 497 3593 2835 1399 4822 4092 593 4394 3330 869 406 2746 681 4490 350 2763 146 463 3823 76 1760 1288 2640 990 795 2990 1849 3134 3573 1740 3620 301 1247 4036 2117 4571
3764 4541 1660 383 228 1425 4096 2058 670 4712 1163 278 3675 1836 3560 3980 2853 3001 1999 3988 1819 3027 2916 1347 2975 3566 164 2937 1057 1042 1009 4436 4667 799 2532 1049 3204 4591 3491 2111 2760 4090 1773 1614 1523 2927 2465 2832 4333 166 4235 3528 613 2801 3150 3490 3260 759 2244 392 1831 4174 2734 2411 150 3458 1722 3858 175 3131
4120 1267 3211 1865 2739 627 4596 4594 63 2695 1897 4392 2052 4477 3081 3119 3126 1005 4039 4167 4064 418 1068 483 837 3147 1647 1933 1278 1239 348 3468 1627 1631 4047 4787 2379 2840 2740 465 4254 1236 2842 231 4068 1955 3249 2135 3176 2506 2149 2389 1964 1304 1737 3751 1903 861 1571 3569 2072 4347 562 4069 509 129 974 2423 1872 1405
1066 2173 3229 43 380 3534 4570 3105 3309 4144 1731 1972 4374 4763 4218 1371 1460 2079 3829 1923 887 1885 3772 2860 2356 1442 1786 2715 3686 1815 1806 979 1350 1010 1031 1973 3362 2110 2593 47 1619 1190 1367 359 4553 1945 3438 4606 595 3678 3378 2841 151 3663 358 2938 1467 4414 816 1341 4480 4775 2572 2585 2231 4031 938 2589 223 2302
645 4585 2448 4530 4010 1184 3913 3679 524 4176 975 579 3030 1846 4678 2863 90 3559 320 3953 751 2216 4554 317 2800 1438 2684 969 2675 3065 506 2006 183 3860 634 3584 644 624 4376 4581 2282 2874 2814 2991 3060 3062 1689 135 4383 1891 4560 3225 2966 3306 2124 3801 1095 25 365 36 2702 2255 895 3602 2776 3072 3700 2303 3208 4721
2665 963 1895 2226 4485 323 2518 2145 2270 598 3888 2305 2525 3361 2867 4705 4393 612 790 4786 970 4052 2890 4084 4725 4797 1434 4759 3 3501 4782 570 3865 601 4349 441 2053 3523 4099 1382 2382 163 841 2551 2166 528 2608 3073 3736 4425 2601 3234 1156 369 2688 3051 4166 2685 3591 3844 3548 1708 2134 2184 3769 2710 3961 3341 2436 1108
2376 4779 2983 4214 3162 2366 3552 4021 2023 1572 4533 315 2126 977 939 854 408 810 2886 4395 3487 2275 3728 2915 3821 819 1548 3879 2413 130 1750 2213 1621 4661 3638 1198 15 4478 4577 1362 573 4506 3359 842 2061 1281 3735 430 302 3797 551 2484 714 1372 3345 4128 1954 3756 2361 108 723 3447 464 4040 425 1745 1215 4615 1781 2765
3391 4344 2696 1650 2304 2889 516 2783 915 1488 4473 86 2941 1916 1692 2492 976 3405 4243 2202 894 2179 252 2232 596 1946 2040 3570 91 1927 3074 4159 1344 4517 4679 3803 4695 4405 4171 643 1444 2471 4463 4245 3715 2779 1282 4253 1063 3951 3372 4271 1535 3109 2812 1629 2940 4302 3543 3527 4665 2196 515 3903 419 2920 1062 1019 4294 4237
733 3885 3540 4142 669 4398 2834 3397 3449 1789 4739 2199 4586 523 1364 1456 270 4621 1101 719 583 3271 200 3832 397 356 1397 2717 3910 2510 3607 2742 128 3845 3324 254 2882 2833 608 1635 3857 4391 4026 1965 3068 1479 2556 796 2546 4423 1109 1677 4141 3199 3180 1423 718 259 3466 749 4470 1620 3941 2999 2443 4663 4319 3933 1976 3613
119 102 2092 3032 4366 4196 784 1938 941 607 3080 1912 4601 2929 1451 4181 3849 4771 1401 1054 4634 4731 4339 3224 3386 4619 1339 3485 1454 2620 691 3841 3647 4098 3188 635 4041 3141 1576 2293 319 3599 2038 922 468 2219 1604 2154 4367 4784 2755 421 2115 2400 3181 4804 1174 4641 4335 2477 3819 1987 4175 756 4573 1186 4067 3321 4794 1087
1512 3137 4700 1526 4037 3420 3136 1833 2741 1981 4736 2312 2254 403 667 41 2488 3312 2705 2693 3558 208 4662 1525 3746 3872 1843 3813 4075 3652 337 683 4044 4278 4508 3390 4264 137 4707 724 4318 2957 3304 2613 500 234 1353 3311 1080 3973 32 4823 2211 817 775 398 1129 1435 512 279 3157 4462 824 4205 885 2422 2661 686 4055 2868
3884 3721 2208 4287 1818 2706 4726 4338 1017 3649 4706 4677 143 1000 3288 4824 3592 909 3274 1656 618 1170 97 3310 1206 2212 1573 684 805 2821 3660 1204 4629 4451 1652 3621 4132 661 4638 2165 2659 1863 103 1904 4286 737 2331 1120 4479 501 2523 2035 1777 4445 1455 434 4103 2527 2028 1229 3985 101 1050 962 4456 1082 2498 3724 2438 1248
307 3963 602 2043 3628 3955 750 3268 632 2727 4483 3360 3267 3511 3530 3927 2752 411 1392 2951 3962 712 687 640 3949 4457 2635 4523 10 4323 2121 4229 4220 2944 1747 1053 3619 1544 4693 964 1856 4686 577 1133 3406 207 4194 4154 2362 657 3446 2022 4718 968 2942 2178 2885 4501 3971 2897 914 2360 3071 2262 4274 1007 3423 2406 973 4354
1073 2907 225 2229 4790 4118 3301 599 2387 4000 284 54 1678 3741 3459 4666 451 928 1578 1719 1639 3178 273 3439 4389 864 1414 1366 4088 3284 3185 2314 1596 159 2808 1668 972 1223 2873 559 2917 4745 3726 3462 1159 368 967 3616 1632 3121 4472 1813 3824 3601 3205 2078 4277 1045 951 3434 2557 3373 1088 1874 2791 4247 3352 3196 3203 1743
4058 1534 3297 4805 4715 171 1458 4280 1633 2971 4197 3160 1298 3045 3435 3296 3046 3069 308 4233 2660 1624 1274 1343 2722 2015 4802 385 1606 3098 1157 1588 1556 2093 1801 1905 378 958 1751 903 1528 3926 1564 2163 5 804 3680 625 825 879 170 3219 329 3940 2681 1790 40 2359 2611 4151 3325 2245 1609 3099 3509 3100 4279 2404 3387 3673
3843 4458 2709 1974 2571 2414 2751 605 818 4152 1715 448 1146 1952 3987 1602 176 3375 3388 1254 3202 3586 4723 984 280 4316 1769 4543 4558 2616 2487 3825 1235 1563 3427 4082 1345 1845 1662 2918 794 3328 2846 1803 4671 58 1986 3246 1592 4252 1415 240 2365 679 4717 2073 3939 140 2677 2007 2512 4 3747 986 4631 3827 1348 3172 3610 949
204 831 1930 655 2690 2813 4442 3911 4595 1542 3804 4544 1102 3890 4510 3259 1419 9 3124 2521 4691 4559 364 1610 1696 2214 3314 3711 4337 924 3091 761 384 353 3384 1299 1358 3415 1807 2632 3894 340 3431 1582 1217 2507 2369 1079 1683 3356 2292 4426 4136 4682 1441 1365 4484 1791 1552 2480 3376 3899 4497 2097 2674 11 4188 293 604 3597
2129 4291 283 1084 3118 3666 4653 2009 2017 3316 2001 2309 338 952 474 1485 442 705 1862 4412 2954 4521 1312 3712 828 934 2769 3483 3935 1744 1710 3512 668 676 2680 4514 3385 2855 3200 2368 1258 4276 1158 2141 1844 3944 112 2077 2055 4284 1208 303 789 592 3515 4403 2603 2995 3453 2458 305 4540 1584 1494 4625 94 1471 4440 688 1502
4639 3049 1729 755 4783 997 4493 2566 4614 3380 2469 1575 2872 2283 4042 2745 1155 494 3444 4428 4546 4304 815 1464 6 1081 566 3852 1388 2026 1822 4215 4117 3174 4155 2809 1698 2736 379 3596 428 1075 1939 1585 4087 4078 2182 4825 630 4375 495 859 1240 4212 1956 4674 4720 1876 227 518 349 884 3161 3895 2223 3195 4773 4384 3847 2237
1869 4172 2132 49 1703 331 126 3912 1749 2569 1225 3650 2586 224 4765 1195 1782 1637 2260 3013 1346 3555 3965 4685 1888 698 911 2355 2034 3976 3717 3327 4364 2637 4675 4048 2172 4202 281 1176 4232 4184 373 2320 708 2318 2579 3194 147 1514 534 2958 1500 844 1682 3222 3256 3670 3394 4011 1136 2119 1187 4216 440 3442 2658 1615 1804 1480
14 2759 3750 3859 3738 4487 920 2642 1646 2531 2467 2683 1468 1016 1527 1811 48 1497 3217 2948 1276 2316 1006 4575 1067 2859 1601 1980 3882 1780 4729 1996 3877 1673 1800 1694 42 971 4208 873 4097 2098 3108 2419 68 1013 1092 3791 4608 1090 3170 1835 4509 2228 3553 4433 2150 4528 3853 3503 511 4552 4459 4795 629 549 4108 4491 569 2085
3002 1302 2888 4085 1690 739 3866 3818 7 2082 220 763 3654 20 2550 2047 2524 3799 3050 168 357 1975 4008 2676 1600 3269 67 1100 2266 3489 3474 3594 4810 3332 910 1052 2265 3363 3881 2697 2485 1333 1841 1330 3223 4311 4113 4045 3128 2220 2335 4139 2802 4416 2083 1551 4811 3771 4527 2259 3095 4791 4198 2456 3868 258 3093 615 2583 2561
1941 522 1775 100 2101 798 2638 1461 872 1949 2973 3960 1329 2622 420 3934 478 2327 2489 637 4053 3629 4635 4305 3092 88 3238 563 1701 2798 4747 3928 1671 2195 4413 4379 4657 2908 2463 2200 2631 2877 4820 1667 4709 296 1035 1379 4432 3580 4547 852 4760 3348 2169 2723 3992 3867 1036 2090 1783 4328 3851 4025 2252 2881 80 2030 3383 3492
3873 300 2256 53 4273 3864 4213 1533 3364 3692 2516 2774 1104 3588 1944 2837 3365 1326 3737 4275 3497 3546 3916 4262 1761 1411 3604 1181 3044 3646 3767 565 429 1623 3023 401 3039 4692 2000 4320 3897 438 375 3295 1697 4408 3744 4461 1531 3600 659 1808 2032 1064 1034 3429 318 2662 586 2582 2351 1349 4605 2099 410 435 4724 4565 2628 3476
4016 1679 3233 2291 4642 2567 2421 2322 2931 1205 764 312 2588 1297 1375 4032 2970 555 1613 475 3247 1370 2056 4536 985 567 1550 1717 467 114 2626 3138 3572 4343 4134 722 1755 3159 1491 1065 1537 3623 2576 2378 1222 1058 1958 243 2728 1784 4263 2947 1714 2180 932 3561 2919 1211 4452 1880 2405 600 2625 4007 2240 4687 181 113 62 2493
4821 3765 386 1990 1894 1047 4534 37 2650 2905 1430 4265 1770 2522 2540 1657 3775 1323 221 344 520 4785 4730 2410 2191 2120 529 2241 3351 2629 4230 104 1051 1484 2399 3403 2024 3729 1396 145 395 4593 3834 1988 1536 4104 2427 4714 1231 3713 2817 3842 3770 2679 2486 3855 4336 1199 811 71 2503 64 2820 620 3404 4808 3428 2591 1707 1521
11 26 4831
57 65 4832
68 23 4833
58 6 4834
12 32 4835
35 32 4836
46 20 4837
10 12 4838
41 29 4839
34 14 4840
10 4 4841
55 21 4842
42 43 4843
64 53 4844
41 58 4845
30 56 4846
15 29 4847
15 69 4848
49 58 4849
11 33 4850
20 10 4851
57 1 4852
68 68 4853
10 9 4854
22 38 4855
22 30 4856
52 3 4857
51 7 4858
44 22 4859
7 2 4860
4 50 4861
20 7 4862
16 63 4863
13 42 4864
1 8 4865
8 33 4866
6 29 4867
1 54 4868
12 43 4869
57 17 4870
1 3 4871
60 25 4872
37 31 4873
17 6 4874
31 35 4875
12 68 4876
51 23 4877
11 39 4878
8 62 4879
63 3 4880
17 1 4881
22 64 4882
9 61 4883
26 44 4884
62 25 4885
38 36 4886
22 16 4887
5 8 4888
40 12 4889
58 35 4890
27 68 4891
28 54 4892
47 4 4893
56 37 4894
21 8 4895
55 42 4896
58 20 4897
25 29 4898
17 28 4899
53 18 4900
42 34 4901
26 5 4902
45 12 4903
10 11 4904
47 19 4905
19 44 4906
53 44 4907
24 30 4908
8 59 4909
29 55 4910
17 5 4911
40 55 4912
19 1 4913
18 18 4914
29 6 4915
57 3 4916
35 6 4917
22 53 4918
31 19 4919
6 30 4920
43 54 4921
47 56 4922
42 62 4923
25 36 4924
32 16 4925
2 2 4926
5 43 4927
62 58 4928
28 62 4929
21 2 4930
33 48 4931
26 7 4932
51 3 4933
2 7 4934
20 5 4935
65 22 4936
17 24 4937
60 3 4938
64 62 4939
2 7 4940
57 34 4941
27 40 4942
30 15 4943
24 40 4944
57 66 4945
33 60 4946
59 22 4947
38 60 4948
46 51 4949
21 38 4950
59 46 4951
57 60 4952
17 56 4953
35 11 4954
31 24 4955
49 48 4956
65 30 4957
31 47 4958
55 30 4959
15 48 4960
53 38 4961
16 4 4962
20 38 4963
45 51 4964
22 51 4965
31 27 4966
36 64 4967
45 54 4968
56 10 4969
14 33 4970
25 41 4971
16 29 4972
54 2 4973
40 43 4974
15 58 4975
34 8 4976
30 44 4977
30 44 4978
33 15 4979
32 60 4980
58 17 4981
47 53 4982
18 25 4983
9 60 4984
32 12 4985
51 70 4986
45 23 4987
57 29 4988
61 38 4989
41 24 4990
7 25 4991
46 21 4992
17 42 4993
33 27 4994
38 64 4995
44 60 4996
28 21 4997
54 32 4998
12 20 4999
36 11 5000
30 22 5001
58 66 5002
29 16 5003
32 36 5004
65 21 5005
19 64 5006
4 18 5007
24 34 5008
19 25 5009
10 13 5010
16 57 5011
18 42 5012
66 22 5013
55 46 5014
36 45 5015
51 54 5016
36 29 5017
1 33 5018
21 38 5019
49 46 5020
25 63 5021
25 60 5022
5 56 5023
1 15 5024
23 38 5025
11 6 5026
60 38 5027
46 56 5028
42 55 5029
23 64 5030
4 17 5031
6 13 5032
59 10 5033
16 41 5034
49 27 5035
64 5 5036
6 13 5037
29 2 5038
17 25 5039
32 38 5040
39 19 5041
1 14 5042
68 30 5043
38 52 5044
16 22 5045
62 17 5046
58 38 5047
49 26 5048
59 50 5049
24 68 5050
36 13 5051
42 39 5052
69 46 5053
15 70 5054
44 15 5055
60 69 5056
32 40 5057
37 63 5058
64 42 5059
54 67 5060
45 26 5061
11 31 5062
34 56 5063
28 20 5064
24 37 5065
3 24 5066
36 69 5067
29 26 5068
35 52 5069
22 1 5070
30 23 5071
68 15 5072
64 48 5073
44 55 5074
50 28 5075
60 68 5076
65 45 5077
68 66 5078
67 51 5079
1 66 5080
16 57 5081
5 24 5082
39 1 5083
54 39 5084
20 25 5085
14 2 5086
37 28 5087
67 25 5088
42 24 5089
62 43 5090
14 9 5091
35 35 5092
35 39 5093
18 3 5094
25 47 5095
23 60 5096
55 3 5097
8 16 5098
30 22 5099
69 64 5100
18 5 5101
27 65 5102
25 8 5103
61 54 5104
49 48 5105
50 21 5106
67 55 5107
2 64 5108
1 60 5109
12 15 5110
20 62 5111
48 6 5112
64 61 5113
42 56 5114
62 21 5115
69 17 5116
69 44 5117
41 41 5118
65 61 5119
42 34 5120
24 40 5121
11 66 5122
16 58 5123
29 32 5124
23 48 5125
4 68 5126
42 63 5127
59 53 5128
51 30 5129
52 59 5130
32 54 5131
49 15 5132
35 56 5133
32 31 5134
5 10 5135
34 63 5136
45 53 5137
20 27 5138
55 65 5139
38 3 5140
64 23 5141
16 24 5142
48 66 5143
30 58 5144
50 48 5145
28 46 5146
31 39 5147
32 3 5148
3 31 5149
22 59 5150
45 28 5151
61 6 5152
58 38 5153
44 20 5154
34 31 5155
14 15 5156
3 6 5157
50 12 5158
40 48 5159
39 21 5160
38 11 5161
58 9 5162
50 11 5163
62 41 5164
46 34 5165
34 25 5166
16 11 5167
64 51 5168
15 17 5169
15 45 5170
26 27 5171
35 2 5172
23 61 5173
69 50 5174
55 63 5175
21 24 5176
4 29 5177
34 46 5178
8 54 5179
42 32 5180
64 50 5181
21 3 5182
67 55 5183
64 43 5184
9 20 5185
34 3 5186
11 50 5187
52 56 5188
42 24 5189
59 33 5190
41 25 5191
40 30 5192
58 6 5193
17 6 5194
67 65 5195
69 16 5196
51 3 5197
61 28 5198
25 17 5199
30 56 5200
9 24 5201
19 44 5202
59 21 5203
61 33 5204
55 62 5205
39 54 5206
48 2 5207
45 28 5208
58 62 5209
40 58 5210
51 59 5211
23 17 5212
7 37 5213
55 47 5214
10 18 5215
66 46 5216
59 38 5217
54 44 5218
7 35 5219
24 68 5220
20 66 5221
35 39 5222
22 2 5223
28 70 5224
42 66 5225
69 30 5226
33 45 5227
37 54 5228
41 1 5229
32 8 5230
24 32 5231
58 1 5232
17 30 5233
57 25 5234
52 70 5235
58 14 5236
26 10 5237
1 26 5238
67 13 5239
26 8 5240
2 28 5241
10 24 5242
54 64 5243
47 68 5244
56 59 5245
45 46 5246
59 57 5247
50 17 5248
65 43 5249
61 15 5250
39 21 5251
22 67 5252
46 43 5253
20 16 5254
16 30 5255
63 67 5256
59 41 5257
10 49 5258
63 59 5259
50 10 5260
33 28 5261
5 7 5262
62 10 5263
16 50 5264
31 35 5265
28 2 5266
45 18 5267
12 15 5268
39 17 5269
44 40 5270
17 9 5271
47 10 5272
64 10 5273
20 8 5274
50 21 5275
7 53 5276
63 35 5277
61 35 5278
38 12 5279
18 9 5280
58 44 5281
57 65 5282
3 37 5283
15 33 5284
34 28 5285
18 52 5286
15 16 5287
6 65 5288
6 25 5289
54 27 5290
44 2 5291
33 66 5292
38 68 5293
10 12 5294
56 5 5295
52 12 5296
53 45 5297
54 16 5298
47 37 5299
50 51 5300
37 52 5301
46 44 5302
28 54 5303
21 16 5304
20 38 5305
37 1 5306
45 66 5307
43 42 5308
35 59 5309
27 62 5310
32 23 5311
69 44 5312
5 67 5313
64 42 5314
52 43 5315
23 56 5316
51 11 5317
29 43 5318
42 22 5319
63 38 5320
51 33 5321
66 4 5322
4 56 5323
68 5 5324
3 25 5325
45 19 5326
16 63 5327
18 21 5328
5 30 5329
58 16 5330
7 23 5331
40 9 5332
4 55 5333
12 34 5334
9 34 5335
15 36 5336
57 1 5337
29 60 5338
38 52 5339
31 62 5340
44 55 5341
32 6 5342
17 6 5343
1 33 5344
15 50 5345
62 68 5346
5 18 5347
42 20 5348
10 31 5349
46 27 5350
52 21 5351
65 32 5352
1 45 5353
60 14 5354
33 11 5355
52 11 5356
39 65 5357
20 33 5358
6 8 5359
61 68 5360
28 26 5361
56 10 5362
36 66 5363
36 37 5364
21 15 5365
35 42 5366
33 2 5367
39 56 5368
52 30 5369
67 31 5370
56 58 5371
49 12 5372
15 49 5373
66 56 5374
35 55 5375
27 18 5376
54 55 5377
3 17 5378
41 31 5379
29 65 5380
21 65 5381
63 16 5382
16 49 5383
67 67 5384
62 54 5385
66 5 5386
29 5 5387
32 60 5388
68 60 5389
51 34 5390
47 50 5391
30 45 5392
59 21 5393
69 49 5394
69 2 5395
56 57 5396
67 54 5397
47 16 5398
45 52 5399
29 30 5400
19 69 5401
53 12 5402
50 44 5403
48 42 5404
31 33 5405
43 64 5406
22 70 5407
19 34 5408
29 38 5409
23 18 5410
35 30 5411
25 15 5412
29 53 5413
32 52 5414
45 17 5415
53 25 5416
54 18 5417
15 17 5418
59 44 5419
35 62 5420
24 26 5421
17 12 5422
36 3 5423
33 57 5424
2 21 5425
28 50 5426
53 9 5427
18 39 5428
36 68 5429
19 32 5430
22 15 5431
13 8 5432
30 23 5433
4 21 5434
5 1 5435
65 37 5436
47 51 5437
49 55 5438
7 9 5439
25 55 5440
53 21 5441
10 67 5442
24 17 5443
18 21 5444
27 6 5445
46 33 5446
46 7 5447
53 60 5448
33 39 5449
48 23 5450
23 33 5451
16 33 5452
20 9 5453
39 4 5454
18 33 5455
60 32 5456
64 29 5457
34 61 5458
46 28 5459
6 24 5460
3 9 5461
12 60 5462
57 43 5463
51 64 5464
24 52 5465
39 36 5466
53 8 5467
1 30 5468
51 50 5469
47 7 5470
43 8 5471
61 16 5472
10 2 5473
52 13 5474
48 66 5475
63 23 5476
53 31 5477
48 7 5478
63 14 5479
30 34 5480
47 36 5481
9 19 5482
35 12 5483
38 68 5484
5 45 5485
38 56 5486
23 62 5487
2 69 5488
66 51 5489
45 31 5490
40 1 5491
7 55 5492
5 70 5493
26 48 5494
59 53 5495
32 20 5496
29 1 5497
57 17 5498
17 59 5499
44 21 5500
9 49 5501
50 23 5502
23 45 5503
52 31 5504
3 59 5505
24 60 5506
40 22 5507
50 62 5508
19 8 5509
45 70 5510
16 52 5511
2 49 5512
54 29 5513
9 2 5514
37 54 5515
55 19 5516
45 43 5517
5 33 5518
27 58 5519
23 10 5520
65 42 5521
56 17 5522
38 45 5523
41 46 5524
48 23 5525
27 47 5526
26 21 5527
63 34 5528
65 66 5529
47 21 5530
12 5 5531
23 69 5532
40 40 5533
29 3 5534
3 26 5535
5 31 5536
1 49 5537
49 60 5538
50 4 5539
17 66 5540
14 60 5541
7 22 5542
4 42 5543
30 27 5544
56 11 5545
38 24 5546
23 5 5547
63 69 5548
39 43 5549
32 49 5550
33 1 5551
50 4 5552
22 38 5553
55 65 5554
59 58 5555
36 58 5556
16 45 5557
43 46 5558
43 56 5559
3 26 5560
48 18 5561
11 17 5562
22 69 5563
39 13 5564
13 61 5565
34 12 5566
13 7 5567
48 28 5568
42 49 5569
37 69 5570
60 56 5571
18 45 5572
36 30 5573
53 35 5574
46 62 5575
54 58 5576
60 26 5577
34 21 5578
23 39 5579
47 8 5580
23 44 5581
3 40 5582
66 67 5583
14 20 5584
30 41 5585
68 68 5586
62 52 5587
24 64 5588
19 26 5589
50 49 5590
68 42 5591
39 42 5592
50 8 5593
52 43 5594
26 41 5595
66 27 5596
17 68 5597
50 65 5598
41 8 5599
58 28 5600
11 29 5601
26 22 5602
10 44 5603
23 37 5604
46 34 5605
9 13 5606
49 53 5607
33 4 5608
67 30 5609
10 61 5610
21 68 5611
36 10 5612
31 42 5613
57 63 5614
12 66 5615
64 28 5616
24 55 5617
41 3 5618
60 9 5619
59 34 5620
18 58 5621
38 64 5622
7 68 5623
15 1 5624
25 30 5625
33 43 5626
9 15 5627
23 30 5628
48 61 5629
10 24 5630
24 25 5631
41 20 5632
36 1 5633
41 1 5634
58 20 5635
25 18 5636
55 41 5637
9 9 5638
35 53 5639
32 51 5640
40 6 5641
5 8 5642
25 42 5643
64 67 5644
48 13 5645
34 54 5646
63 14 5647
48 37 5648
50 24 5649
32 30 5650
44 49 5651
15 4 5652
7 6 5653
21 15 5654
50 56 5655
28 10 5656
64 3 5657
54 51 5658
12 39 5659
38 57 5660
60 56 5661
45 6 5662
10 6 5663
62 60 5664
34 59 5665
63 3 5666
40 61 5667
15 56 5668
15 58 5669
50 43 5670
32 39 5671
46 33 5672
61 68 5673
50 2 5674
33 32 5675
36 23 5676
5 25 5677
31 42 5678
2 45 5679
19 63 5680
3 12 5681
39 16 5682
6 10 5683
36 22 5684
4 12 5685
36 52 5686
6 59 5687
62 1 5688
28 40 5689
12 36 5690
9 46 5691
3 34 5692
38 26 5693
62 33 5694
36 39 5695
15 25 5696
60 3 5697
14 12 5698
40 64 5699
64 1 5700
13 21 5701
7 22 5702
35 33 5703
24 60 5704
46 51 5705
60 23 5706
59 26 5707
2 51 5708
25 44 5709
3 61 5710
12 45 5711
25 31 5712
46 25 5713
61 58 5714
7 30 5715
16 5 5716
1 13 5717
67 55 5718
5 49 5719
15 48 5720
60 17 5721
33 43 5722
27 65 5723
26 49 5724
44 60 5725
15 16 5726
46 48 5727
29 53 5728
57 59 5729
22 26 5730
67 9 5731
67 17 5732
47 31 5733
23 2 5734
33 20 5735
46 46 5736
37 39 5737
39 13 5738
62 39 5739
2 23 5740
12 26 5741
21 17 5742
29 8 5743
25 51 5744
15 19 5745
33 56 5746
21 18 5747
41 28 5748
37 33 5749
16 46 5750
29 49 5751
36 55 5752
69 15 5753
5 62 5754
33 24 5755
61 16 5756
14 6 5757
44 3 5758
23 65 5759
23 13 5760
34 27 5761
48 18 5762
38 54 5763
21 41 5764
16 50 5765
59 27 5766
15 16 5767
62 57 5768
11 16 5769
9 40 5770
27 47 5771
65 6 5772
26 41 5773
22 23 5774
49 26 5775
26 60 5776
30 24 5777
55 11 5778
28 14 5779
41 19 5780
12 4 5781
38 31 5782
60 47 5783
38 18 5784
60 36 5785
64 51 5786
13 34 5787
41 26 5788
2 6 5789
10 33 5790
5 47 5791
32 65 5792
15 67 5793
25 46 5794
20 25 5795
3 7 5796
56 9 5797
68 35 5798
10 2 5799
7 21 5800
37 55 5801
48 66 5802
29 14 5803
67 60 5804
64 49 5805
25 55 5806
56 17 5807
7 30 5808
33 24 5809
60 70 5810
53 67 5811
10 2 5812
14 50 5813
55 24 5814
23 20 5815
48 31 5816
44 33 5817
3 60 5818
44 52 5819
26 60 5820
62 48 5821
33 47 5822
2 23 5823
9 70 5824
30 21 5825
65 45 5826
11 35 5827
23 42 5828
59 18 5829
21 32 5830
28 34 5831
31 30 5832
36 10 5833
29 70 5834
31 54 5835
62 53 5836
39 60 5837
38 40 5838
24 25 5839
23 6 5840
23 49 5841
9 41 5842
7 53 5843
63 15 5844
25 48 5845
29 3 5846
10 42 5847
27 46 5848
19 30 5849
18 63 5850
45 40 5851
61 12 5852
57 26 5853
39 39 5854
49 13 5855
66 26 5856
35 11 5857
33 67 5858
45 29 5859
15 16 5860
51 28 5861
13 20 5862
51 35 5863
56 30 5864
63 24 5865
26 46 5866
20 51 5867
53 3 5868
15 22 5869
24 34 5870
16 36 5871
10 64 5872
38 5 5873
39 61 5874
18 26 5875
26 23 5876
2 14 5877
58 16 5878
36 39 5879
66 41 5880
14 8 5881
7 56 5882
1 59 5883
7 27 5884
14 56 5885
17 62 5886
61 55 5887
65 46 5888
18 34 5889
41 12 5890
21 39 5891
63 35 5892
30 52 5893
69 11 5894
28 12 5895
38 69 5896
35 63 5897
4 45 5898
58 9 5899
35 26 5900
1 41 5901
63 68 5902
6 44 5903
30 39 5904
21 26 5905
51 43 5906
44 16 5907
35 63 5908
18 9 5909
52 47 5910
6 44 5911
7 32 5912
15 68 5913
16 34 5914
44 6 5915
24 10 5916
65 37 5917
66 47 5918
57 63 5919
3 54 5920
35 61 5921
59 40 5922
48 32 5923
26 11 5924
12 18 5925
62 59 5926
21 31 5927
41 27 5928
1 15 5929
24 29 5930
15 59 5931
42 65 5932
1 58 5933
54 54 5934
42 59 5935
66 47 5936
53 42 5937
11 7 5938
26 19 5939
19 27 5940
69 39 5941
5 5 5942
21 49 5943
49 39 5944
36 70 5945
24 66 5946
6 51 5947
19 41 5948
15 28 5949
46 50 5950
40 23 5951
67 1 5952
4 52 5953
16 60 5954
43 23 5955
49 70 5956
64 69 5957
11 70 5958
22 15 5959
22 22 5960
43 7 5961
48 54 5962
22 55 5963
57 34 5964
42 59 5965
6 21 5966
61 23 5967
65 33 5968
21 67 5969
5 26 5970
48 31 5971
29 25 5972
51 50 5973
40 17 5974
40 5 5975
46 6 5976
52 57 5977
3 48 5978
36 46 5979
2 33 5980
64 5 5981
23 42 5982
58 43 5983
35 13 5984
18 13 5985
54 12 5986
66 2 5987
61 42 5988
59 18 5989
64 58 5990
28 60 5991
52 62 5992
1 41 5993
44 8 5994
42 50 5995
5 22 5996
35 31 5997
42 25 5998
9 68 5999
43 25 6000
44 19 6001
54 7 6002
32 22 6003
55 7 6004
29 46 6005
20 11 6006
64 36 6007
11 31 6008
68 4 6009
40 52 6010
21 5 6011
45 21 6012
44 24 6013
6 31 6014
64 47 6015
30 42 6016
7 36 6017
20 59 6018
5 11 6019
53 45 6020
47 15 6021
55 31 6022
10 11 6023
49 19 6024
59 10 6025
53 43 6026
37 56 6027
28 65 6028
66 62 6029
32 24 6030
28 42 6031
26 22 6032
51 66 6033
16 38 6034
69 9 6035
25 64 6036
32 70 6037
31 55 6038
17 3 6039
51 30 6040
46 43 6041
11 66 6042
32 31 6043
64 31 6044
57 9 6045
20 52 6046
55 45 6047
39 35 6048
22 57 6049
33 25 6050
67 32 6051
10 60 6052
43 1 6053
53 13 6054
9 4 6055
37 61 6056
7 4 6057
46 59 6058
47 35 6059
27 65 6060
1 56 6061
35 47 6062
9 23 6063
38 39 6064
13 22 6065
62 12 6066
54 32 6067
47 51 6068
31 16 6069
55 67 6070
51 20 6071
37 51 6072
20 43 6073
62 34 6074
52 25 6075
48 26 6076
41 45 6077
59 57 6078
5 53 6079
58 2 6080
24 46 6081
58 36 6082
67 56 6083
33 47 6084
63 67 6085
2 58 6086
62 70 6087
17 18 6088
63 69 6089
31 4 6090
27 31 6091
11 16 6092
41 61 6093
40 42 6094
12 21 6095
6 8 6096
41 4 6097
4 60 6098
11 12 6099
29 18 6100
2 31 6101
10 35 6102
29 58 6103
4 50 6104
40 22 6105
23 56 6106
47 23 6107
48 19 6108
46 41 6109
52 5 6110
53 25 6111
24 36 6112
28 23 6113
9 14 6114
11 28 6115
5 47 6116
2 19 6117
41 68 6118
3 55 6119
8 60 6120
21 20 6121
62 10 6122
29 40 6123
50 70 6124
66 5 6125
50 14 6126
10 54 6127
33 20 6128
5 16 6129
50 20 6130
35 27 6131
2 67 6132
43 61 6133
37 49 6134
42 9 6135
10 27 6136
4 49 6137
43 21 6138
13 28 6139
9 38 6140
69 3 6141
49 31 6142
45 57 6143
13 37 6144
29 10 6145
16 46 6146
3 44 6147
18 68 6148
51 12 6149
40 1 6150
18 68 6151
32 27 6152
35 33 6153
26 61 6154
31 35 6155
23 12 6156
25 46 6157
62 1 6158
44 26 6159
26 1 6160
69 23 6161
27 37 6162
67 3 6163
46 2 6164
59 26 6165
57 9 6166
40 68 6167
66 20 6168
68 18 6169
69 22 6170
47 33 6171
21 15 6172
40 1 6173
18 33 6174
64 15 6175
17 20 6176
20 54 6177
12 18 6178
54 16 6179
51 60 6180
37 41 6181
42 53 6182
55 39 6183
54 7 6184
15 67 6185
37 59 6186
46 22 6187
29 36 6188
1 62 6189
36 31 6190
29 31 6191
55 70 6192
66 7 6193
36 30 6194
36 46 6195
6 10 6196
20 62 6197
63 55 6198
30 15 6199
1 31 6200
19 22 6201
5 21 6202
36 20 6203
69 4 6204
8 53 6205
51 60 6206
65 63 6207
6 15 6208
46 2 6209
56 45 6210
9 42 6211
37 55 6212
20 56 6213
39 68 6214
66 35 6215
41 36 6216
36 42 6217
54 10 6218
64 54 6219
17 13 6220
18 41 6221
44 9 6222
7 43 6223
32 23 6224
44 70 6225
25 3 6226
28 10 6227
8 48 6228
46 14 6229
35 49 6230
25 37 6231
57 58 6232
22 32 6233
7 48 6234
20 12 6235
47 14 6236
49 11 6237
62 18 6238
32 13 6239
34 39 6240
16 8 6241
23 55 6242
58 39 6243
33 57 6244
65 60 6245
31 60 6246
7 8 6247
10 2 6248
53 6 6249
64 55 6250
61 49 6251
25 43 6252
54 17 6253
50 15 6254
41 64 6255
28 25 6256
8 20 6257
29 37 6258
20 21 6259
63 60 6260
3 36 6261
32 5 6262
30 42 6263
40 3 6264
9 46 6265
56 35 6266
44 2 6267
25 40 6268
69 23 6269
47 60 6270
10 67 6271
45 34 6272
19 44 6273
35 10 6274
23 44 6275
60 58 6276
62 12 6277
31 25 6278
11 45 6279
54 68 6280
48 46 6281
36 28 6282
36 41 6283
43 54 6284
19 20 6285
60 38 6286
3 2 6287
3 26 6288
49 49 6289
53 59 6290
61 23 6291
25 36 6292
9 63 6293
35 64 6294
23 33 6295
55 58 6296
7 49 6297
62 19 6298
12 22 6299
41 18 6300
7 44 6301
55 20 6302
24 47 6303
26 65 6304
15 68 6305
67 44 6306
29 63 6307
52 56 6308
28 4 6309
9 57 6310
39 10 6311
33 58 6312
64 20 6313
57 30 6314
2 70 6315
22 38 6316
1 38 6317
8 50 6318
37 23 6319
54 45 6320
3 47 6321
18 55 6322
47 59 6323
50 54 6324
21 65 6325
51 9 6326
53 64 6327
29 31 6328
69 2 6329
1 23 6330
12 42 6331
41 43 6332
66 29 6333
18 37 6334
23 45 6335
48 22 6336
8 8 6337
62 44 6338
44 19 6339
60 10 6340
19 11 6341
41 53 6342
25 52 6343
58 37 6344
36 39 6345
8 9 6346
2 12 6347
21 5 6348
28 4 6349
62 47 6350
21 13 6351
32 6 6352
55 54 6353
15 44 6354
46 37 6355
30 65 6356
40 10 6357
20 62 6358
2 20 6359
42 68 6360
38 63 6361
8 41 6362
47 6 6363
17 42 6364
2 60 6365
65 22 6366
41 31 6367
39 54 6368
3 70 6369
58 38 6370
28 59 6371
25 58 6372
37 56 6373
69 35 6374
43 51 6375
32 17 6376
14 63 6377
19 3 6378
56 10 6379
60 36 6380
20 44 6381
24 22 6382
62 24 6383
53 18 6384
1 66 6385
17 35 6386
43 68 6387
59 32 6388
16 27 6389
30 69 6390
18 21 6391
60 23 6392
46 59 6393
35 61 6394
35 49 6395
50 53 6396
12 23 6397
30 43 6398
49 19 6399
31 35 6400
13 24 6401
20 15 6402
8 25 6403
10 9 6404
9 37 6405
6 18 6406
16 10 6407
13 60 6408
31 34 6409
9 28 6410
9 30 6411
22 61 6412
54 43 6413
17 43 6414
6 48 6415
54 45 6416
19 49 6417
25 50 6418
32 6 6419
50 43 6420
69 20 6421
54 32 6422
60 15 6423
6 46 6424
51 8 6425
1 43 6426
61 48 6427
2 1 6428
13 14 6429
61 49 6430
20 49 6431
34 36 6432
39 8 6433
17 15 6434
26 47 6435
53 7 6436
17 47 6437
69 64 6438
65 53 6439
56 50 6440
27 21 6441
15 6 6442
27 3 6443
33 17 6444
39 45 6445
15 41 6446
61 15 6447
16 8 6448
7 7 6449
44 50 6450
45 59 6451
15 69 6452
37 6 6453
49 3 6454
6 57 6455
11 47 6456
53 5 6457
65 69 6458
56 39 6459
2 9 6460
42 39 6461
10 35 6462
15 7 6463
13 61 6464
43 8 6465
49 26 6466
33 15 6467
1 62 6468
42 29 6469
60 43 6470
22 5 6471
28 15 6472
26 8 6473
12 39 6474
31 35 6475
45 54 6476
31 40 6477
42 52 6478
65 67 6479
13 13 6480
38 36 6481
36 10 6482
63 23 6483
19 59 6484
27 23 6485
20 16 6486
40 63 6487
3 26 6488
29 2 6489
34 13 6490
12 7 6491
63 27 6492
53 8 6493
57 43 6494
53 19 6495
49 35 6496
4 36 6497
43 56 6498
34 16 6499
13 2 6500
24 25 6501
16 69 6502
48 57 6503
7 63 6504
16 2 6505
15 15 6506
41 66 6507
48 22 6508
43 22 6509
40 38 6510
37 60 6511
18 17 6512
32 2 6513
39 34 6514
32 26 6515
50 59 6516
9 61 6517
27 27 6518
42 64 6519
48 27 6520
9 58 6521
59 60 6522
1 37 6523
59 58 6524
31 64 6525
50 4 6526
53 55 6527
39 68 6528
66 1 6529
24 6 6530
5 37 6531
17 9 6532
33 14 6533
19 10 6534
19 21 6535
62 36 6536
48 49 6537
64 6 6538
16 6 6539
57 51 6540
52 9 6541
34 20 6542
20 58 6543
6 19 6544
16 33 6545
5 31 6546
66 32 6547
68 55 6548
64 14 6549
57 16 6550
24 14 6551
66 45 6552
22 24 6553
26 25 6554
60 31 6555
54 13 6556
9 12 6557
52 66 6558
26 11 6559
61 2 6560
10 56 6561
60 60 6562
35 58 6563
27 47 6564
50 11 6565
43 28 6566
64 66 6567
25 24 6568
17 7 6569
55 30 6570
31 45 6571
19 59 6572
22 59 6573
18 24 6574
43 19 6575
18 29 6576
33 67 6577
38 64 6578
62 7 6579
41 13 6580
67 61 6581
47 65 6582
39 52 6583
59 9 6584
23 54 6585
13 66 6586
69 50 6587
35 52 6588
45 70 6589
30 38 6590
44 37 6591
64 24 6592
58 1 6593
14 57 6594
28 61 6595
58 60 6596
31 6 6597
49 17 6598
12 32 6599
64 39 6600
8 45 6601
22 61 6602
5 20 6603
26 67 6604
32 30 6605
40 57 6606
65 37 6607
61 60 6608
22 64 6609
15 29 6610
41 6 6611
66 28 6612
26 20 6613
5 32 6614
9 12 6615
1 11 6616
63 47 6617
28 59 6618
22 11 6619
15 65 6620
25 10 6621
24 8 6622
15 1 6623
18 40 6624
14 4 6625
7 27 6626
14 14 6627
13 40 6628
28 26 6629
36 65 6630
41 62 6631
40 13 6632
52 25 6633
42 12 6634
34 35 6635
9 25 6636
66 56 6637
7 37 6638
24 34 6639
54 66 6640
57 30 6641
48 69 6642
59 7 6643
13 17 6644
55 26 6645
20 16 6646
28 53 6647
62 27 6648
18 16 6649
21 36 6650
60 52 6651
43 34 6652
24 66 6653
57 67 6654
18 33 6655
28 13 6656
59 25 6657
61 8 6658
56 40 6659
57 60 6660
53 26 6661
39 52 6662
26 8 6663
67 34 6664
36 58 6665
26 59 6666
38 21 6667
4 60 6668
27 55 6669
28 18 6670
67 50 6671
32 44 6672
1 45 6673
55 1 6674
26 25 6675
63 68 6676
14 61 6677
34 54 6678
52 31 6679
53 11 6680
37 15 6681
5 26 6682
40 22 6683
16 28 6684
51 16 6685
30 54 6686
38 39 6687
38 7 6688
63 30 6689
43 6 6690
57 28 6691
56 30 6692
55 42 6693
11 46 6694
55 17 6695
40 54 6696
47 64 6697
20 33 6698
48 8 6699
46 36 6700
47 1 6701
4 43 6702
40 37 6703
4 54 6704
22 39 6705
40 41 6706
7 44 6707
11 61 6708
35 5 6709
34 4 6710
67 27 6711
32 57 6712
17 43 6713
15 20 6714
42 12 6715
25 32 6716
16 20 6717
69 9 6718
17 35 6719
20 69 6720
61 49 6721
30 68 6722
68 58 6723
5 49 6724
33 63 6725
60 29 6726
53 45 6727
20 65 6728
29 1 6729
38 50 6730
25 32 6731
23 11 6732
14 28 6733
11 22 6734
3 69 6735
40 65 6736
66 2 6737
64 44 6738
16 12 6739
13 32 6740
41 38 6741
58 38 6742
44 13 6743
9 41 6744
3 52 6745
65 24 6746
63 30 6747
10 36 6748
37 3 6749
48 43 6750
11 7 6751
40 49 6752
14 30 6753
49 42 6754
64 36 6755
12 39 6756
19 44 6757
22 21 6758
22 5 6759
60 55 6760
55 56 6761
37 52 6762
61 53 6763
58 25 6764
63 27 6765
47 16 6766
5 58 6767
8 21 6768
20 1 6769
11 35 6770
31 59 6771
20 40 6772
57 31 6773
22 50 6774
5 36 6775
46 65 6776
31 41 6777
54 54 6778
60 58 6779
7 61 6780
56 16 6781
36 2 6782
31 49 6783
48 24 6784
46 11 6785
12 57 6786
30 64 6787
18 36 6788
8 43 6789
69 64 6790
43 39 6791
60 34 6792
48 45 6793
1 25 6794
44 35 6795
26 22 6796
30 52 6797
53 21 6798
15 4 6799
32 5 6800
12 30 6801
6 28 6802
56 29 6803
23 62 6804
67 70 6805
51 42 6806
48 6 6807
32 15 6808
23 60 6809
48 56 6810
47 24 6811
64 62 6812
28 15 6813
60 57 6814
10 69 6815
48 6 6816
32 30 6817
65 49 6818
58 33 6819
35 14 6820
4 47 6821
33 8 6822
65 10 6823
50 50 6824
45 1 6825
66 33 6826
32 39 6827
32 67 6828
33 58 6829
5 31 6830
44 23 6831
62 31 6832
21 60 6833
24 48 6834
49 14 6835
2 16 6836
47 50 6837
34 40 6838
31 48 6839
53 29 6840
33 4 6841
21 18 6842
65 65 6843
8 25 6844
26 28 6845
38 42 6846
33 69 6847
44 42 6848
32 59 6849
27 46 6850
15 68 6851
22 11 6852
13 49 6853
16 61 6854
15 34 6855
30 23 6856
69 20 6857
64 28 6858
33 45 6859
27 46 6860
41 9 6861
50 29 6862
23 29 6863
40 32 6864
59 3 6865
69 18 6866
1 18 6867
27 28 6868
66 33 6869
49 34 6870
26 60 6871
32 9 6872
34 50 6873
4 26 6874
18 46 6875
16 39 6876
57 7 6877
1 4 6878
36 33 6879
11 6 6880
22 13 6881
8 44 6882
53 13 6883
67 69 6884
32 11 6885
24 69 6886
9 30 6887
38 41 6888
9 62 6889
55 42 6890
3 58 6891
14 2 6892
69 67 6893
38 35 6894
13 18 6895
41 15 6896
36 15 6897
21 18 6898
39 24 6899
48 24 6900
17 25 6901
30 60 6902
64 53 6903
42 39 6904
66 18 6905
21 55 6906
51 49 6907
19 11 6908
2 52 6909
49 34 6910
57 49 6911
32 69 6912
55 35 6913
7 2 6914
26 41 6915
41 52 6916
28 58 6917
11 8 6918
12 56 6919
32 14 6920
5 66 6921
12 25 6922
66 32 6923
44 47 6924
61 40 6925
17 44 6926
25 58 6927
4 42 6928
10 64 6929
28 57 6930
51 48 6931
55 35 6932
35 64 6933
57 44 6934
21 5 6935
45 41 6936
49 3 6937
30 20 6938
49 3 6939
67 31 6940
2 35 6941
60 68 6942
46 55 6943
17 33 6944
29 55 6945
48 56 6946
30 61 6947
7 33 6948
51 39 6949
47 62 6950
56 39 6951
21 40 6952
61 40 6953
47 65 6954
27 41 6955
45 33 6956
41 40 6957
14 54 6958
11 27 6959
11 8 6960
23 12 6961
69 59 6962
20 61 6963
65 36 6964
56 49 6965
43 16 6966
34 49 6967
61 13 6968
64 27 6969
17 1 6970
49 25 6971
3 40 6972
18 51 6973
29 47 6974
19 32 6975
49 58 6976
45 35 6977
38 55 6978
3 35 6979
38 24 6980
60 60 6981
29 45 6982
29 5 6983
48 29 6984
3 15 6985
43 26 6986
28 43 6987
10 18 6988
6 31 6989
16 39 6990
24 43 6991
16 13 6992
42 3 6993
40 51 6994
41 17 6995
51 53 6996
42 66 6997
53 51 6998
60 7 6999
36 47 7000
37 51 7001
47 66 7002
2 67 7003
13 61 7004
23 7 7005
34 24 7006
46 63 7007
40 17 7008
25 55 7009
33 15 7010
66 13 7011
33 44 7012
12 40 7013
4 31 7014
28 23 7015
69 5 7016
36 33 7017
22 16 7018
12 10 7019
18 10 7020
59 47 7021
40 18 7022
56 6 7023
67 60 7024
9 49 7025
68 17 7026
65 38 7027
69 40 7028
58 6 7029
12 22 7030
30 40 7031
37 19 7032
3 21 7033
9 55 7034
13 46 7035
38 58 7036
5 53 7037
36 61 7038
28 62 7039
63 2 7040
26 31 7041
56 10 7042
48 17 7043
60 67 7044
51 48 7045
33 63 7046
52 57 7047
2 58 7048
44 46 7049
64 34 7050
16 22 7051
51 32 7052
12 18 7053
50 39 7054
50 8 7055
12 17 7056
7 54 7057
21 20 7058
29 4 7059
39 61 7060
67 27 7061
51 5 7062
36 64 7063
21 45 7064
34 40 7065
34 60 7066
6 25 7067
24 49 7068
39 15 7069
11 29 7070
63 69 7071
28 4 7072
19 43 7073
61 14 7074
57 52 7075
11 17 7076
5 70 7077
5 15 7078
69 60 7079
40 48 7080
66 53 7081
20 68 7082
12 36 7083
33 2 7084
39 56 7085
16 47 7086
14 67 7087
27 61 7088
1 10 7089
39 49 7090
6 9 7091
14 25 7092
66 35 7093
33 4 7094
16 53 7095
56 37 7096
35 47 7097
55 27 7098
12 12 7099
69 4 7100
60 65 7101
2 6 7102
48 60 7103
2 11 7104
58 57 7105
29 44 7106
47 45 7107
5 22 7108
9 17 7109
50 20 7110
33 23 7111
3 61 7112
37 52 7113
37 11 7114
69 48 7115
18 27 7116
24 3 7117
22 70 7118
14 33 7119
4 30 7120
37 39 7121
10 60 7122
61 9 7123
52 61 7124
7 63 7125
9 37 7126
11 22 7127
54 3 7128
24 36 7129
3 13 7130
41 47 7131
40 14 7132
1 40 7133
21 65 7134
10 57 7135
25 68 7136
43 33 7137
6 42 7138
53 2 7139
29 32 7140
65 62 7141
14 2 7142
23 56 7143
7 35 7144
61 16 7145
27 39 7146
9 27 7147
66 23 7148
63 5 7149
65 19 7150
9 4 7151
43 65 7152
55 23 7153
23 8 7154
42 14 7155
47 33 7156
56 25 7157
40 48 7158
66 55 7159
63 43 7160
12 50 7161
63 5 7162
69 40 7163
49 8 7164
32 63 7165
65 18 7166
62 70 7167
59 3 7168
20 46 7169
63 13 7170
55 59 7171
33 29 7172
62 67 7173
16 23 7174
22 26 7175
17 38 7176
58 31 7177
18 42 7178
69 45 7179
28 24 7180
21 27 7181
62 32 7182
15 34 7183
41 50 7184
13 66 7185
15 62 7186
51 67 7187
26 5 7188
69 46 7189
25 69 7190
49 65 7191
13 67 7192
12 12 7193
39 59 7194
60 36 7195
39 56 7196
33 66 7197
3 24 7198
14 11 7199
14 9 7200
9 41 7201
22 5 7202
41 4 7203
26 65 7204
61 53 7205
9 41 7206
25 31 7207
13 18 7208
28 11 7209
26 36 7210
49 24 7211
38 20 7212
36 59 7213
27 44 7214
33 56 7215
9 62 7216
47 50 7217
55 38 7218
65 12 7219
15 27 7220
45 62 7221
32 30 7222
63 52 7223
15 19 7224
45 46 7225
37 47 7226
5 60 7227
41 19 7228
16 21 7229
67 32 7230
53 48 7231
16 2 7232
4 54 7233
52 66 7234
10 46 7235
59 19 7236
20 48 7237
59 30 7238
68 36 7239
64 43 7240
32 5 7241
28 11 7242
3 62 7243
46 15 7244
3 12 7245
67 29 7246
24 16 7247
19 59 7248
27 35 7249
65 41 7250
33 34 7251
16 18 7252
25 49 7253
30 57 7254
28 53 7255
51 11 7256
34 27 7257
27 29 7258
13 18 7259
42 64 7260
1 2 7261
35 60 7262
27 49 7263
36 57 7264
8 25 7265
67 50 7266
32 42 7267
49 33 7268
13 47 7269
44 24 7270
18 39 7271
3 51 7272
40 5 7273
61 65 7274
21 65 7275
25 59 7276
17 30 7277
47 39 7278
55 67 7279
3 56 7280
36 17 7281
47 52 7282
66 55 7283
47 49 7284
8 3 7285
56 40 7286
6 58 7287
42 5 7288
37 67 7289
15 28 7290
25 35 7291
28 45 7292
19 55 7293
18 57 7294
19 2 7295
31 22 7296
46 46 7297
55 42 7298
66 32 7299
25 32 7300
69 70 7301
14 69 7302
31 11 7303
29 70 7304
28 68 7305
49 26 7306
2 12 7307
24 5 7308
54 69 7309
61 17 7310
13 49 7311
2 45 7312
42 16 7313
11 35 7314
12 21 7315
49 56 7316
2 69 7317
6 5 7318
1 6 7319
45 19 7320
43 61 7321
29 41 7322
33 44 7323
35 53 7324
36 60 7325
28 67 7326
8 33 7327
23 8 7328
6 31 7329
38 26 7330
13 20 7331
50 52 7332
53 20 7333
28 35 7334
48 68 7335
7 22 7336
14 32 7337
34 36 7338
66 21 7339
45 11 7340
46 29 7341
50 63 7342
13 30 7343
57 49 7344
61 8 7345
1 45 7346
50 20 7347
43 20 7348
62 1 7349
62 35 7350
31 15 7351
6 37 7352
2 39 7353
38 36 7354
18 13 7355
16 13 7356
13 26 7357
30 49 7358
66 62 7359
54 15 7360
61 6 7361
22 1 7362
56 32 7363
61 45 7364
23 68 7365
51 8 7366
18 55 7367
46 19 7368
24 67 7369
37 13 7370
18 1 7371
43 36 7372
46 14 7373
31 6 7374
44 6 7375
69 41 7376
18 55 7377
4 15 7378
63 44 7379
30 8 7380
19 32 7381
10 61 7382
1 62 7383
16 39 7384
3 36 7385
40 1 7386
37 37 7387
4 3 7388
56 10 7389
8 65 7390
31 47 7391
68 43 7392
8 33 7393
57 39 7394
37 39 7395
22 69 7396
12 62 7397
51 48 7398
29 62 7399
67 65 7400
30 26 7401
19 15 7402
39 58 7403
5 46 7404
27 4 7405
63 54 7406
61 17 7407
18 59 7408
8 22 7409
28 63 7410
31 3 7411
31 70 7412
69 52 7413
33 25 7414
29 69 7415
12 40 7416
33 5 7417
56 60 7418
61 43 7419
34 32 7420
14 40 7421
30 40 7422
40 50 7423
37 9 7424
53 56 7425
48 42 7426
15 64 7427
15 10 7428
51 33 7429
26 27 7430
52 30 7431
14 30 7432
28 59 7433
68 57 7434
34 38 7435
52 7 7436
26 9 7437
23 5 7438
54 5 7439
52 30 7440
26 67 7441
19 32 7442
46 69 7443
68 12 7444
12 61 7445
40 53 7446
25 15 7447
53 23 7448
54 52 7449
19 19 7450
53 51 7451
43 25 7452
6 52 7453
40 41 7454
25 47 7455
59 23 7456
16 23 7457
8 33 7458
58 43 7459
44 66 7460
50 26 7461
28 57 7462
45 69 7463
51 16 7464
9 29 7465
16 59 7466
51 69 7467
29 69 7468
36 47 7469
6 16 7470
31 30 7471
36 54 7472
5 55 7473
51 69 7474
9 43 7475
7 42 7476
58 7 7477
62 49 7478
25 68 7479
44 20 7480
22 58 7481
46 16 7482
22 63 7483
31 6 7484
61 52 7485
36 48 7486
58 54 7487
11 6 7488
60 16 7489
12 60 7490
35 63 7491
52 53 7492
22 15 7493
66 6 7494
31 44 7495
36 69 7496
37 14 7497
52 66 7498
56 25 7499
47 66 7500
36 10 7501
64 43 7502
58 54 7503
5 22 7504
65 42 7505
64 32 7506
16 49 7507
43 37 7508
44 55 7509
15 31 7510
68 55 7511
11 59 7512
8 36 7513
24 44 7514
49 57 7515
31 5 7516
29 46 7517
16 26 7518
44 57 7519
40 20 7520
60 20 7521
6 54 7522
32 27 7523
54 29 7524
36 23 7525
12 16 7526
66 69 7527
7 7 7528
47 50 7529
40 66 7530
60 9 7531
52 61 7532
60 64 7533
6 35 7534
19 51 7535
40 48 7536
23 42 7537
12 30 7538
16 4 7539
12 22 7540
49 31 7541
53 65 7542
26 46 7543
59 4 7544
14 60 7545
8 70 7546
66 38 7547
50 14 7548
18 46 7549
51 28 7550
23 24 7551
39 8 7552
69 70 7553
35 11 7554
57 47 7555
4 59 7556
66 23 7557
22 35 7558
12 23 7559
21 44 7560
17 52 7561
49 59 7562
27 33 7563
62 22 7564
8 29 7565
46 50 7566
36 57 7567
55 51 7568
17 65 7569
26 14 7570
34 70 7571
4 27 7572
25 66 7573
18 15 7574
50 44 7575
46 45 7576
3 33 7577
64 12 7578
35 29 7579
27 2 7580
64 43 7581
33 34 7582
60 59 7583
58 22 7584
63 40 7585
2 1 7586
9 43 7587
49 55 7588
66 59 7589
6 65 7590
32 41 7591
59 34 7592
50 40 7593
27 7 7594
13 70 7595
9 28 7596
62 6 7597
63 70 7598
18 40 7599
29 31 7600
65 43 7601
42 12 7602
15 55 7603
42 42 7604
18 66 7605
35 47 7606
55 69 7607
37 30 7608
57 19 7609
31 28 7610
49 56 7611
6 20 7612
32 68 7613
25 55 7614
12 16 7615
16 15 7616
23 44 7617
8 50 7618
16 11 7619
3 10 7620
10 18 7621
68 54 7622
7 19 7623
58 45 7624
21 55 7625
53 54 7626
59 6 7627
32 15 7628
58 57 7629
67 54 7630
31 64 7631
42 23 7632
11 58 7633
8 7 7634
51 57 7635
52 11 7636
31 9 7637
68 13 7638
40 39 7639
22 57 7640
43 31 7641
23 20 7642
42 16 7643
43 4 7644
14 35 7645
29 29 7646
21 11 7647
40 39 7648
18 22 7649
16 13 7650
24 46 7651
27 52 7652
2 37 7653
54 14 7654
54 44 7655
16 11 7656
7 21 7657
22 38 7658
51 5 7659
28 1 7660
54 29 7661
65 28 7662
19 17 7663
62 21 7664
7 24 7665
32 18 7666
28 58 7667
68 23 7668
41 37 7669
48 3 7670
8 51 7671
53 26 7672
61 43 7673
53 6 7674
9 4 7675
69 29 7676
2 8 7677
27 57 7678
67 24 7679
28 49 7680
18 30 7681
31 30 7682
61 19 7683
38 1 7684
68 60 7685
29 39 7686
47 18 7687
62 52 7688
38 54 7689
11 21 7690
27 23 7691
14 22 7692
42 4 7693
39 63 7694
57 65 7695
30 38 7696
34 51 7697
11 47 7698
65 40 7699
59 57 7700
65 59 7701
31 70 7702
24 13 7703
1 9 7704
39 8 7705
18 56 7706
50 12 7707
52 50 7708
54 47 7709
67 9 7710
66 53 7711
41 47 7712
69 46 7713
16 34 7714
30 36 7715
5 47 7716
3 22 7717
25 37 7718
34 18 7719
23 42 7720
18 47 7721
4 39 7722
33 44 7723
68 46 7724
35 62 7725
39 61 7726
22 70 7727
27 6 7728
54 45 7729
38 43 7730
32 29 7731
16 35 7732
50 39 7733
21 5 7734
64 26 7735
59 32 7736
59 29 7737
53 19 7738
27 69 7739
21 45 7740
34 2 7741
35 10 7742
57 36 7743
31 30 7744
2 48 7745
37 57 7746
42 7 7747
48 16 7748
4 44 7749
46 12 7750
5 40 7751
45 39 7752
38 24 7753
52 14 7754
50 19 7755
43 56 7756
36 23 7757
33 44 7758
23 44 7759
27 40 7760
5 34 7761
53 11 7762
60 58 7763
51 5 7764
60 66 7765
19 6 7766
30 2 7767
8 15 7768
10 42 7769
69 6 7770
8 50 7771
9 9 7772
33 11 7773
13 15 7774
1 35 7775
60 68 7776
68 20 7777
65 17 7778
46 24 7779
29 54 7780
7 24 7781
64 17 7782
69 57 7783
29 61 7784
64 52 7785
63 48 7786
9 18 7787
5 56 7788
46 41 7789
30 55 7790
6 45 7791
45 40 7792
65 62 7793
2 69 7794
38 17 7795
44 23 7796
28 4 7797
31 3 7798
42 64 7799
19 68 7800
5 60 7801
15 19 7802
67 57 7803
22 61 7804
59 69 7805
65 58 7806
28 16 7807
28 25 7808
2 64 7809
10 26 7810
29 60 7811
50 27 7812
43 35 7813
45 6 7814
59 29 7815
12 58 7816
38 35 7817
21 33 7818
2 68 7819
57 9 7820
44 4 7821
40 60 7822
51 57 7823
4 25 7824
5 7 7825
36 18 7826
9 59 7827
2 70 7828
33 21 7829
11 2 7830
50 18 7831
67 63 7832
52 14 7833
63 58 7834
3 5 7835
22 21 7836
51 61 7837
47 64 7838
24 61 7839
44 22 7840
7 60 7841
6 31 7842
46 10 7843
61 52 7844
34 10 7845
20 50 7846
46 13 7847
62 40 7848
48 47 7849
52 70 7850
35 13 7851
44 29 7852
1 12 7853
33 6 7854
32 14 7855
66 30 7856
29 65 7857
16 49 7858
17 32 7859
68 23 7860
30 68 7861
66 41 7862
46 49 7863
39 20 7864
10 56 7865
37 39 7866
31 23 7867
54 16 7868
53 57 7869
20 16 7870
69 4 7871
53 41 7872
35 7 7873
25 70 7874
35 38 7875
13 47 7876
11 25 7877
61 43 7878
8 53 7879
39 21 7880
5 25 7881
29 69 7882
22 43 7883
63 6 7884
40 35 7885
61 53 7886
52 18 7887
2 49 7888
48 30 7889
16 36 7890
30 8 7891
13 56 7892
42 35 7893
40 28 7894
39 33 7895
65 41 7896
22 17 7897
5 43 7898
41 69 7899
43 29 7900
28 41 7901
68 6 7902
11 47 7903
13 67 7904
60 68 7905
18 58 7906
25 34 7907
34 35 7908
34 33 7909
35 37 7910
37 16 7911
26 29 7912
36 51 7913
60 29 7914
68 30 7915
41 40 7916
14 7 7917
37 47 7918
17 37 7919
53 19 7920
61 34 7921
9 50 7922
53 9 7923
42 49 7924
3 63 7925
63 43 7926
49 3 7927
15 58 7928
19 57 7929
18 9 7930
10 59 7931
9 20 7932
42 29 7933
68 7 7934
41 66 7935
30 68 7936
65 63 7937
32 37 7938
12 8 7939
24 4 7940
8 51 7941
13 58 7942
13 16 7943
68 44 7944
34 20 7945
54 16 7946
17 56 7947
15 67 7948
10 14 7949
52 11 7950
37 41 7951
55 12 7952
17 15 7953
51 8 7954
42 29 7955
53 26 7956
7 28 7957
51 14 7958
46 27 7959
12 7 7960
57 33 7961
22 35 7962
67 17 7963
35 15 7964
32 42 7965
46 23 7966
64 53 7967
1 13 7968
36 50 7969
69 11 7970
27 69 7971
48 42 7972
32 3 7973
12 62 7974
20 58 7975
32 64 7976
69 6 7977
28 62 7978
68 6 7979
5 30 7980
17 48 7981
51 29 7982
43 26 7983
49 45 7984
58 5 7985
42 28 7986
32 66 7987
23 52 7988
54 40 7989
59 17 7990
29 50 7991
10 62 7992
26 9 7993
32 7 7994
13 26 7995
65 54 7996
42 63 7997
24 67 7998
55 66 7999
59 62 8000
20 9 8001
63 40 8002
58 8 8003
28 33 8004
30 56 8005
54 21 8006
10 44 8007
55 39 8008
47 3 8009
34 67 8010
3 28 8011
33 11 8012
11 3 8013
60 30 8014
51 36 8015
8 48 8016
11 70 8017
21 55 8018
44 38 8019
12 24 8020
61 49 8021
67 20 8022
24 50 8023
68 23 8024
57 10 8025
55 65 8026
47 25 8027
58 18 8028
50 10 8029
36 53 8030
15 59 8031
23 14 8032
12 32 8033
62 11 8034
21 55 8035
66 39 8036
58 61 8037
13 21 8038
63 57 8039
32 65 8040
60 56 8041
19 61 8042
31 23 8043
59 13 8044
54 48 8045
47 30 8046
8 65 8047
51 22 8048
67 20 8049
2 54 8050
5 20 8051
26 22 8052
34 32 8053
17 70 8054
56 8 8055
1 6 8056
39 65 8057
15 45 8058
65 4 8059
29 70 8060
25 65 8061
55 10 8062
37 42 8063
26 65 8064
3 47 8065
54 56 8066
29 47 8067
42 52 8068
69 52 8069
34 2 8070
22 11 8071
10 54 8072
12 31 8073
63 30 8074
37 65 8075
25 14 8076
17 19 8077
8 49 8078
27 47 8079
61 37 8080
3 38 8081
50 9 8082
26 64 8083
65 36 8084
3 23 8085
49 56 8086
66 8 8087
34 23 8088
33 32 8089
69 25 8090
24 68 8091
61 66 8092
41 10 8093
45 57 8094
62 10 8095
13 56 8096
68 20 8097
51 56 8098
68 41 8099
68 60 8100
29 28 8101
5 4 8102
23 21 8103
9 31 8104
13 15 8105
65 4 8106
10 34 8107
21 64 8108
24 41 8109
8 40 8110
5 40 8111
35 26 8112
39 60 8113
13 67 8114
29 45 8115
11 2 8116
5 39 8117
31 6 8118
17 39 8119
9 30 8120
33 62 8121
48 62 8122
34 26 8123
25 13 8124
43 65 8125
59 50 8126
8 30 8127
1 45 8128
17 45 8129
65 9 8130
43 63 8131
59 10 8132
23 68 8133
41 55 8134
17 41 8135
42 4 8136
51 46 8137
39 33 8138
29 58 8139
67 61 8140
63 32 8141
41 21 8142
69 28 8143
22 31 8144
59 31 8145
23 57 8146
46 63 8147
36 41 8148
39 22 8149
35 70 8150
51 27 8151
26 63 8152
21 16 8153
53 55 8154
43 70 8155
2 16 8156
51 14 8157
52 22 8158
10 46 8159
63 27 8160
61 33 8161
51 67 8162
43 67 8163
30 46 8164
16 52 8165
13 51 8166
4 36 8167
55 14 8168
42 10 8169
50 31 8170
47 43 8171
7 55 8172
65 26 8173
17 21 8174
4 43 8175
60 21 8176
61 11 8177
41 33 8178
21 16 8179
52 44 8180
4 20 8181
28 52 8182
1 28 8183
46 32 8184
51 38 8185
46 26 8186
60 51 8187
12 31 8188
17 10 8189
57 65 8190
50 18 8191
20 4 8192
10 57 8193
65 28 8194
56 25 8195
62 25 8196
25 43 8197
62 60 8198
19 67 8199
18 13 8200
11 70 8201
62 38 8202
19 33 8203
36 31 8204
14 65 8205
42 32 8206
41 17 8207
39 18 8208
59 10 8209
52 28 8210
24 60 8211
46 5 8212
57 19 8213
24 54 8214
3 69 8215
48 1 8216
29 31 8217
59 31 8218
45 54 8219
32 19 8220
37 16 8221
6 18 8222
54 6 8223
24 33 8224
43 19 8225
8 63 8226
27 54 8227
43 53 8228
56 64 8229
66 52 8230
5 38 8231
4 67 8232
57 24 8233
29 65 8234
43 65 8235
18 65 8236
57 25 8237
52 2 8238
1 2 8239
61 19 8240
12 64 8241
45 19 8242
7 37 8243
62 55 8244
20 18 8245
37 30 8246
37 22 8247
19 42 8248
21 33 8249
45 22 8250
28 55 8251
53 17 8252
62 62 8253
36 5 8254
63 60 8255
7 54 8256
17 21 8257
55 2 8258
69 41 8259
22 32 8260
54 21 8261
50 35 8262
32 22 8263
28 28 8264
69 49 8265
10 24 8266
23 61 8267
44 64 8268
20 4 8269
39 64 8270
66 64 8271
38 70 8272
27 33 8273
58 6 8274
58 3 8275
51 43 8276
18 43 8277
5 28 8278
59 56 8279
60 31 8280
65 37 8281
44 8 8282
54 42 8283
53 25 8284
21 26 8285
29 55 8286
37 46 8287
43 46 8288
22 45 8289
36 26 8290
45 44 8291
66 14 8292
28 45 8293
25 7 8294
20 29 8295
23 66 8296
69 59 8297
6 8 8298
64 20 8299
56 66 8300
27 18 8301
5 2 8302
35 13 8303
19 28 8304
28 65 8305
13 60 8306
67 48 8307
45 19 8308
21 67 8309
28 32 8310
1 43 8311
56 22 8312
21 33 8313
66 58 8314
1 21 8315
64 38 8316
45 12 8317
68 33 8318
50 60 8319
12 7 8320
15 55 8321
34 35 8322
21 11 8323
32 45 8324
69 51 8325
19 12 8326
19 36 8327
12 27 8328
58 70 8329
36 51 8330
53 16 8331
23 35 8332
16 59 8333
44 9 8334
8 61 8335
1 10 8336
50 12 8337
43 2 8338
10 1 8339
39 33 8340
35 34 8341
55 36 8342
21 64 8343
58 54 8344
36 68 8345
4 20 8346
24 59 8347
34 33 8348
50 12 8349
12 63 8350
12 16 8351
66 15 8352
1 15 8353
10 53 8354
17 56 8355
49 63 8356
31 19 8357
41 34 8358
52 35 8359
69 65 8360
43 63 8361
20 7 8362
52 11 8363
6 1 8364
61 11 8365
6 1 8366
42 28 8367
48 2 8368
3 50 8369
26 40 8370
8 28 8371
43 31 8372
31 20 8373
46 32 8374
32 67 8375
34 42 8376
6 61 8377
3 44 8378
39 63 8379
30 52 8380
21 2 8381
24 18 8382
2 44 8383
9 5 8384
8 31 8385
66 4 8386
41 42 8387
19 52 8388
54 66 8389
58 67 8390
65 49 8391
3 22 8392
57 64 8393
52 48 8394
60 15 8395
22 50 8396
32 60 8397
10 68 8398
59 6 8399
17 59 8400
22 15 8401
50 27 8402
15 18 8403
58 22 8404
58 3 8405
65 55 8406
34 45 8407
24 8 8408
28 56 8409
39 36 8410
19 43 8411
38 13 8412
47 49 8413
18 27 8414
35 60 8415
38 5 8416
56 61 8417
33 55 8418
53 54 8419
64 6 8420
42 15 8421
59 67 8422
12 10 8423
9 28 8424
66 40 8425
57 20 8426
16 50 8427
2 59 8428
34 52 8429
65 25 8430
62 15 8431
46 25 8432
34 67 8433
17 6 8434
7 19 8435
24 23 8436
42 22 8437
16 32 8438
34 68 8439
17 12 8440
56 56 8441
63 50 8442
59 2 8443
55 12 8444
40 40 8445
9 26 8446
15 42 8447
38 34 8448
42 29 8449
24 10 8450
50 14 8451
43 28 8452
30 42 8453
31 20 8454
31 59 8455
53 69 8456
43 49 8457
27 7 8458
56 55 8459
31 42 8460
48 64 8461
49 42 8462
49 45 8463
3 25 8464
37 62 8465
48 59 8466
44 19 8467
7 4 8468
68 15 8469
4 17 8470
49 5 8471
15 10 8472
19 32 8473
46 18 8474
12 35 8475
68 60 8476
37 59 8477
16 28 8478
12 54 8479
8 8 8480
4 57 8481
18 4 8482
15 6 8483
48 22 8484
55 54 8485
66 41 8486
48 34 8487
21 47 8488
68 59 8489
27 43 8490
9 36 8491
57 58 8492
41 42 8493
41 56 8494
5 20 8495
13 63 8496
7 26 8497
46 19 8498
7 42 8499
3 5 8500
51 3 8501
60 26 8502
20 36 8503
63 10 8504
19 70 8505
5 61 8506
47 16 8507
9 28 8508
18 46 8509
36 21 8510
17 6 8511
55 40 8512
30 54 8513
37 69 8514
37 62 8515
31 33 8516
47 62 8517
5 34 8518
36 18 8519
23 2 8520
13 27 8521
17 40 8522
24 62 8523
52 55 8524
36 9 8525
34 27 8526
32 36 8527
46 2 8528
18 1 8529
20 35 8530
64 54 8531
55 32 8532
41 34 8533
49 51 8534
30 64 8535
30 42 8536
68 15 8537
3 44 8538
60 50 8539
8 60 8540
33 53 8541
29 28 8542
32 66 8543
27 52 8544
4 35 8545
2 69 8546
53 59 8547
56 59 8548
11 46 8549
2 12 8550
24 43 8551
3 48 8552
60 33 8553
37 46 8554
43 49 8555
17 51 8556
19 59 8557
43 58 8558
24 31 8559
67 42 8560
19 7 8561
4 5 8562
14 15 8563
35 56 8564
49 32 8565
48 44 8566
64 61 8567
46 24 8568
49 47 8569
57 67 8570
11 20 8571
3 17 8572
41 64 8573
18 23 8574
59 8 8575
30 23 8576
18 44 8577
60 50 8578
47 64 8579
16 8 8580
36 69 8581
31 67 8582
51 64 8583
20 49 8584
57 50 8585
48 59 8586
32 9 8587
40 64 8588
16 70 8589
13 35 8590
56 19 8591
20 58 8592
8 8 8593
12 46 8594
1 61 8595
38 68 8596
6 12 8597
10 45 8598
34 2 8599
29 42 8600
9 65 8601
55 18 8602
69 54 8603
41 34 8604
68 41 8605
34 13 8606
53 36 8607
43 31 8608
17 47 8609
53 65 8610
30 59 8611
28 38 8612
47 30 8613
43 5 8614
57 55 8615
22 25 8616
59 22 8617
31 47 8618
1 34 8619
20 68 8620
36 10 8621
28 35 8622
2 42 8623
61 26 8624
13 44 8625
21 53 8626
14 43 8627
12 54 8628
31 60 8629
17 68 8630
29 69 8631
68 10 8632
22 57 8633
22 51 8634
1 60 8635
8 51 8636
22 13 8637
59 41 8638
20 2 8639
52 25 8640
2 12 8641
66 38 8642
58 11 8643
37 57 8644
23 9 8645
10 32 8646
58 25 8647
28 60 8648
14 33 8649
1 37 8650
48 40 8651
39 42 8652
58 15 8653
66 48 8654
46 50 8655
56 29 8656
40 25 8657
7 36 8658
2 39 8659
54 40 8660
44 7 8661
69 17 8662
65 63 8663
42 70 8664
24 16 8665
14 8 8666
48 32 8667
27 45 8668
47 65 8669
54 69 8670
66 44 8671
63 43 8672
6 69 8673
30 34 8674
53 35 8675
14 13 8676
65 29 8677
60 8 8678
29 12 8679
37 28 8680
50 64 8681
33 33 8682
9 44 8683
2 12 8684
43 63 8685
2 6 8686
4 65 8687
21 47 8688
21 7 8689
2 34 8690
65 6 8691
26 8 8692
1 45 8693
60 62 8694
50 62 8695
39 50 8696
6 9 8697
53 33 8698
21 11 8699
47 5 8700
11 23 8701
25 20 8702
44 70 8703
4 68 8704
58 52 8705
62 39 8706
69 25 8707
45 60 8708
18 64 8709
46 49 8710
61 57 8711
48 25 8712
26 35 8713
16 28 8714
18 28 8715
18 65 8716
39 8 8717
13 22 8718
38 31 8719
56 3 8720
49 19 8721
20 60 8722
62 46 8723
64 47 8724
39 66 8725
15 29 8726
37 47 8727
8 26 8728
60 58 8729
26 27 8730
48 2 8731
53 35 8732
49 17 8733
41 60 8734
68 40 8735
27 26 8736
16 29 8737
54 27 8738
67 25 8739
3 59 8740
46 65 8741
13 13 8742
18 22 8743
34 61 8744
2 5 8745
54 70 8746
11 45 8747
9 63 8748
32 6 8749
6 2 8750
58 60 8751
51 51 8752
4 61 8753
11 54 8754
55 51 8755
65 34 8756
61 40 8757
44 57 8758
3 44 8759
25 30 8760
47 36 8761
42 33 8762
56 23 8763
47 18 8764
46 1 8765
54 6 8766
61 52 8767
30 67 8768
11 52 8769
47 48 8770
16 41 8771
13 64 8772
65 66 8773
29 14 8774
15 28 8775
1 28 8776
16 16 8777
57 11 8778
28 9 8779
64 62 8780
65 21 8781
8 39 8782
26 60 8783
63 30 8784
55 44 8785
57 19 8786
61 1 8787
1 51 8788
43 32 8789
50 63 8790
23 4 8791
34 4 8792
32 28 8793
69 61 8794
49 35 8795
10 31 8796
48 51 8797
37 46 8798
8 12 8799
34 34 8800
2 30 8801
48 45 8802
37 8 8803
65 8 8804
13 48 8805
42 50 8806
59 50 8807
47 26 8808
43 38 8809
67 43 8810
23 28 8811
7 8 8812
11 5 8813
21 45 8814
11 33 8815
30 67 8816
56 28 8817
57 28 8818
12 4 8819
62 16 8820
36 8 8821
67 9 8822
41 55 8823
55 12 8824
3 22 8825
41 7 8826
8 27 8827
41 20 8828
67 41 8829
23 39 8830
69 64 8831
11 55 8832
68 66 8833
51 38 8834
31 61 8835
62 67 8836
58 70 8837
63 53 8838
32 16 8839
43 59 8840
2 24 8841
30 18 8842
40 36 8843
54 37 8844
68 12 8845
13 40 8846
2 25 8847
41 64 8848
30 53 8849
46 7 8850
21 6 8851
40 33 8852
41 37 8853
22 55 8854
68 35 8855
64 68 8856
62 31 8857
59 61 8858
2 67 8859
29 21 8860
35 48 8861
22 48 8862
58 62 8863
65 51 8864
57 10 8865
37 4 8866
50 64 8867
32 57 8868
20 24 8869
27 67 8870
7 51 8871
27 69 8872
69 46 8873
29 66 8874
24 35 8875
11 34 8876
38 9 8877
18 19 8878
25 24 8879
66 58 8880
5 27 8881
61 31 8882
25 47 8883
48 53 8884
43 1 8885
1 53 8886
68 11 8887
30 38 8888
13 65 8889
54 30 8890
42 14 8891
2 20 8892
64 19 8893
62 31 8894
52 26 8895
8 8 8896
2 6 8897
15 55 8898
39 47 8899
1 30 8900
1 15 8901
54 62 8902
43 49 8903
52 40 8904
1 29 8905
39 41 8906
15 42 8907
15 53 8908
15 18 8909
2 18 8910
3 50 8911
47 5 8912
55 24 8913
4 35 8914
38 32 8915
29 21 8916
2 66 8917
58 29 8918
6 11 8919
2 8 8920
14 21 8921
9 49 8922
61 69 8923
19 42 8924
62 70 8925
4 5 8926
26 24 8927
54 3 8928
44 18 8929
68 57 8930
43 52 8931
53 66 8932
46 20 8933
66 62 8934
25 69 8935
61 46 8936
11 33 8937
40 43 8938
38 3 8939
49 51 8940
58 2 8941
42 66 8942
50 11 8943
29 70 8944
7 44 8945
7 41 8946
60 57 8947
11 39 8948
39 16 8949
39 23 8950
40 44 8951
53 54 8952
59 13 8953
43 60 8954
58 28 8955
1 54 8956
29 65 8957
24 61 8958
20 2 8959
41 18 8960
16 18 8961
40 29 8962
1 32 8963
26 3 8964
31 55 8965
63 11 8966
52 57 8967
37 63 8968
62 36 8969
50 32 8970
67 53 8971
47 30 8972
12 29 8973
1 41 8974
38 43 8975
28 61 8976
6 39 8977
24 32 8978
11 51 8979
33 60 8980
37 70 8981
48 57 8982
55 24 8983
44 38 8984
25 66 8985
55 29 8986
42 60 8987
14 20 8988
18 42 8989
28 3 8990
49 26 8991
54 34 8992
4 42 8993
30 9 8994
46 26 8995
51 15 8996
62 33 8997
22 63 8998
29 14 8999
68 43 9000
57 21 9001
34 24 9002
49 24 9003
31 34 9004
20 43 9005
63 21 9006
16 12 9007
24 15 9008
22 49 9009
13 61 9010
6 56 9011
60 17 9012
49 60 9013
5 67 9014
59 62 9015
52 24 9016
51 47 9017
69 54 9018
31 38 9019
40 27 9020
19 6 9021
65 60 9022
58 46 9023
64 43 9024
63 6 9025
34 22 9026
61 26 9027
5 7 9028
43 31 9029
43 48 9030
26 58 9031
11 52 9032
65 34 9033
2 28 9034
17 48 9035
61 19 9036
51 50 9037
30 3 9038
43 4 9039
7 34 9040
21 8 9041
35 24 9042
31 62 9043
10 68 9044
52 7 9045
18 5 9046
35 66 9047
65 12 9048
45 68 9049
40 37 9050
40 68 9051
29 4 9052
55 6 9053
11 46 9054
2 46 9055
67 30 9056
59 4 9057
6 18 9058
41 44 9059
30 65 9060
43 3 9061
10 18 9062
16 60 9063
45 10 9064
6 22 9065
7 30 9066
37 59 9067
63 53 9068
32 2 9069
19 11 9070
47 1 9071
25 53 9072
43 28 9073
2 60 9074
4 25 9075
33 49 9076
54 69 9077
17 69 9078
4 1 9079
33 60 9080
35 22 9081
66 48 9082
19 70 9083
12 53 9084
67 2 9085
34 26 9086
55 2 9087
56 17 9088
8 46 9089
34 59 9090
56 58 9091
13 24 9092
57 70 9093
50 7 9094
37 12 9095
39 39 9096
59 55 9097
33 17 9098
43 29 9099
54 17 9100
34 65 9101
26 44 9102
40 61 9103
6 52 9104
57 35 9105
12 26 9106
1 13 9107
31 50 9108
31 10 9109
66 64 9110
18 65 9111
30 44 9112
23 22 9113
66 44 9114
11 36 9115
56 19 9116
28 10 9117
50 24 9118
52 34 9119
47 29 9120
6 16 9121
6 23 9122
68 27 9123
63 42 9124
26 45 9125
4 21 9126
17 29 9127
69 17 9128
46 31 9129
52 69 9130
51 65 9131
32 7 9132
42 5 9133
19 66 9134
33 14 9135
13 16 9136
33 67 9137
53 44 9138
9 26 9139
26 60 9140
46 66 9141
7 65 9142
12 7 9143
12 66 9144
3 40 9145
39 4 9146
43 31 9147
45 47 9148
64 26 9149
55 1 9150
8 26 9151
48 42 9152
3 51 9153
47 63 9154
66 66 9155
45 59 9156
3 34 9157
48 48 9158
16 7 9159
12 40 9160
49 5 9161
14 50 9162
69 23 9163
62 66 9164
69 62 9165
51 15 9166
29 64 9167
53 33 9168
19 14 9169
26 55 9170
17 30 9171
17 18 9172
35 64 9173
20 28 9174
69 53 9175
46 50 9176
43 57 9177
50 30 9178
37 44 9179
1 59 9180
38 54 9181
11 28 9182
54 56 9183
3 2 9184
50 8 9185
37 33 9186
26 11 9187
28 21 9188
6 48 9189
69 47 9190
17 65 9191
39 32 9192
50 25 9193
61 10 9194
53 6 9195
43 22 9196
2 60 9197
38 42 9198
62 43 9199
20 14 9200
62 20 9201
45 56 9202
4 60 9203
9 4 9204
63 30 9205
53 67 9206
40 40 9207
47 68 9208
60 45 9209
7 20 9210
35 53 9211
29 5 9212
46 24 9213
65 29 9214
40 64 9215
48 18 9216
14 25 9217
10 10 9218
45 15 9219
40 20 9220
63 52 9221
49 54 9222
11 47 9223
49 65 9224
16 16 9225
14 21 9226
25 26 9227
9 17 9228
40 1 9229
4 29 9230
65 25 9231
2 39 9232
32 25 9233
25 55 9234
18 42 9235
66 4 9236
18 21 9237
9 60 9238
61 8 9239
59 14 9240
21 11 9241
64 48 9242
25 51 9243
56 29 9244
20 5 9245
68 45 9246
15 66 9247
3 60 9248
30 22 9249
53 40 9250
63 29 9251
15 66 9252
17 50 9253
26 64 9254
18 10 9255
47 11 9256
64 26 9257
16 33 9258
10 43 9259
46 23 9260
49 59 9261
30 67 9262
61 42 9263
51 31 9264
4 11 9265
35 23 9266
44 3 9267
27 42 9268
46 69 9269
19 31 9270
8 18 9271
17 57 9272
43 49 9273
14 54 9274
57 65 9275
12 46 9276
20 12 9277
61 42 9278
16 35 9279
47 7 9280
22 49 9281
12 65 9282
44 49 9283
2 15 9284
32 69 9285
12 67 9286
32 64 9287
20 70 9288
25 19 9289
67 64 9290
2 3 9291
60 36 9292
6 13 9293
48 60 9294
49 6 9295
17 31 9296
25 48 9297
65 5 9298
4 1 9299
69 19 9300
36 16 9301
32 4 9302
22 2 9303
14 48 9304
9 8 9305
62 24 9306
68 17 9307
26 13 9308
32 3 9309
55 51 9310
53 46 9311
33 17 9312
41 48 9313
24 39 9314
45 63 9315
23 18 9316
37 26 9317
52 19 9318
38 54 9319
51 68 9320
51 44 9321
13 60 9322
23 30 9323
21 27 9324
53 31 9325
23 22 9326
14 27 9327
58 5 9328
27 10 9329
10 23 9330
51 32 9331
2 52 9332
57 63 9333
26 33 9334
28 17 9335
39 43 9336
64 1 9337
69 17 9338
2 10 9339
32 4 9340
42 6 9341
56 8 9342
66 21 9343
3 45 9344
38 23 9345
55 57 9346
33 19 9347
47 27 9348
58 65 9349
66 44 9350
19 60 9351
44 13 9352
29 53 9353
64 63 9354
52 66 9355
59 38 9356
61 10 9357
34 12 9358
68 45 9359
45 28 9360
50 7 9361
5 50 9362
61 36 9363
27 29 9364
67 44 9365
59 44 9366
50 41 9367
23 66 9368
30 6 9369
28 8 9370
23 57 9371
16 26 9372
38 13 9373
15 12 9374
69 46 9375
14 27 9376
58 36 9377
66 67 9378
48 2 9379
1 27 9380
63 65 9381
10 46 9382
16 15 9383
28 21 9384
30 15 9385
34 35 9386
38 42 9387
47 66 9388
21 58 9389
35 62 9390
19 48 9391
30 56 9392
1 34 9393
39 57 9394
66 69 9395
64 8 9396
11 14 9397
32 3 9398
30 8 9399
21 5 9400
13 22 9401
11 19 9402
47 32 9403
59 10 9404
52 4 9405
8 22 9406
67 21 9407
66 36 9408
22 17 9409
31 68 9410
27 59 9411
56 32 9412
27 17 9413
20 61 9414
49 34 9415
3 12 9416
67 66 9417
65 66 9418
64 56 9419
46 13 9420
67 31 9421
39 29 9422
19 52 9423
67 38 9424
4 45 9425
3 4 9426
42 1 9427
18 11 9428
21 23 9429
8 4 9430
55 33 9431
34 2 9432
19 32 9433
18 18 9434
20 19 9435
33 54 9436
8 23 9437
19 22 9438
17 58 9439
50 42 9440
44 30 9441
15 64 9442
26 26 9443
31 50 9444
1 9 9445
23 3 9446
8 65 9447
26 2 9448
33 44 9449
12 3 9450
42 13 9451
38 29 9452
68 7 9453
34 63 9454
14 17 9455
18 56 9456
58 57 9457
52 14 9458
24 8 9459
26 69 9460
64 57 9461
36 68 9462
18 36 9463
20 55 9464
10 44 9465
50 63 9466
41 50 9467
27 59 9468
16 3 9469
25 7 9470
27 55 9471
1 28 9472
13 17 9473
35 15 9474
62 41 9475
17 29 9476
49 50 9477
30 56 9478
11 23 9479
59 41 9480
9 4 9481
18 26 9482
12 49 9483
19 2 9484
43 68 9485
47 38 9486
54 53 9487
63 53 9488
33 22 9489
20 60 9490
26 15 9491
9 45 9492
30 34 9493
39 64 9494
21 8 9495
55 6 9496
63 67 9497
44 49 9498
19 66 9499
10 46 9500
38 51 9501
19 30 9502
51 58 9503
65 58 9504
57 19 9505
38 29 9506
37 4 9507
6 25 9508
38 33 9509
44 52 9510
18 46 9511
12 7 9512
37 4 9513
41 38 9514
29 28 9515
16 24 9516
12 56 9517
34 19 9518
1 8 9519
67 39 9520
56 34 9521
17 48 9522
63 70 9523
43 13 9524
7 61 9525
69 68 9526
40 37 9527
55 55 9528
23 35 9529
2 41 9530
63 36 9531
69 9 9532
53 63 9533
29 41 9534
58 9 9535
69 1 9536
27 15 9537
28 5 9538
56 12 9539
21 46 9540
39 14 9541
59 69 9542
17 59 9543
28 4 9544
61 13 9545
2 9 9546
15 66 9547
6 46 9548
6 39 9549
35 16 9550
3 3 9551
53 23 9552
68 27 9553
41 39 9554
11 60 9555
43 61 9556
6 70 9557
2 60 9558
12 56 9559
11 4 9560
29 61 9561
1 5 9562
13 2 9563
10 23 9564
66 37 9565
3 17 9566
12 18 9567
65 15 9568
5 53 9569
67 15 9570
15 68 9571
44 64 9572
61 2 9573
64 55 9574
24 64 9575
34 32 9576
50 27 9577
40 19 9578
34 27 9579
31 34 9580
1 7 9581
19 24 9582
52 44 9583
6 37 9584
64 59 9585
46 36 9586
6 43 9587
4 61 9588
27 2 9589
26 50 9590
67 41 9591
50 65 9592
51 63 9593
49 15 9594
54 57 9595
3 37 9596
41 69 9597
67 54 9598
25 7 9599
52 23 9600
47 11 9601
44 28 9602
68 54 9603
56 11 9604
27 6 9605
23 44 9606
40 46 9607
64 55 9608
68 68 9609
59 14 9610
17 8 9611
12 3 9612
44 38 9613
12 41 9614
34 52 9615
10 46 9616
34 22 9617
36 23 9618
1 3 9619
30 44 9620
35 7 9621
25 36 9622
42 59 9623
65 30 9624
56 52 9625
33 53 9626
4 30 9627
57 13 9628
48 51 9629
33 29 9630
22 54 9631
30 63 9632
17 43 9633
31 38 9634
10 22 9635
53 18 9636
46 48 9637
19 46 9638
34 15 9639
36 9 9640
30 47 9641
18 50 9642
48 63 9643
19 45 9644
25 14 9645
53 9 9646
38 9 9647
60 19 9648
58 28 9649
33 51 9650
66 60 9651
49 37 9652
58 9 9653
16 20 9654
12 20 9655
53 9 9656
42 23 9657
10 41 9658
63 19 9659
8 15 9660
34 23 9661
31 48 9662
53 55 9663
5 64 9664
21 61 9665
27 53 9666
52 32 9667
68 51 9668
27 13 9669
61 33 9670
7 56 9671
41 66 9672
47 12 9673
43 15 9674
42 17 9675
9 32 9676
29 43 9677
19 21 9678
3 9 9679
52 48 9680
67 9 9681
26 37 9682
49 26 9683
7 36 9684
35 20 9685
69 58 9686
21 29 9687
27 14 9688
65 54 9689
36 1 9690
68 61 9691
23 9 9692
62 6 9693
64 56 9694
17 40 9695
32 30 9696
6 33 9697
64 35 9698
54 49 9699
59 1 9700
52 46 9701
11 31 9702
46 67 9703
22 68 9704
65 50 9705
45 1 9706
21 34 9707
13 50 9708
8 70 9709
27 9 9710
37 68 9711
26 34 9712
44 5 9713
35 47 9714
10 1 9715
39 43 9716
7 39 9717
29 14 9718
4 50 9719
30 19 9720
40 22 9721
24 52 9722
29 35 9723
37 68 9724
41 11 9725
53 46 9726
55 39 9727
48 3 9728
64 69 9729
67 63 9730
17 6 9731
34 12 9732
8 43 9733
24 20 9734
26 51 9735
44 5 9736
5 5 9737
13 6 9738
2 26 9739
58 3 9740
26 65 9741
59 44 9742
22 16 9743
38 13 9744
27 52 9745
1 68 9746
59 61 9747
12 34 9748
32 60 9749
17 50 9750
10 48 9751
29 12 9752
69 17 9753
18 7 9754
35 59 9755
13 67 9756
43 64 9757
68 68 9758
45 34 9759
69 70 9760
16 47 9761
18 13 9762
47 57 9763
6 32 9764
53 25 9765
51 40 9766
52 12 9767
67 11 9768
59 27 9769
66 22 9770
52 9 9771
54 66 9772
45 25 9773
36 68 9774
65 7 9775
36 30 9776
69 58 9777
5 45 9778
68 3 9779
3 18 9780
25 62 9781
63 64 9782
34 41 9783
34 29 9784
48 16 9785
14 32 9786
33 25 9787
6 54 9788
15 25 9789
7 35 9790
52 59 9791
21 7 9792
32 70 9793
17 16 9794
50 23 9795
13 65 9796
67 17 9797
57 9 9798
36 17 9799
3 20 9800
35 1 9801
46 61 9802
3 21 9803
21 33 9804
12 44 9805
67 10 9806
8 43 9807
13 27 9808
63 27 9809
6 8 9810
53 33 9811
26 16 9812
61 35 9813
48 25 9814
19 26 9815
60 64 9816
2 19 9817
11 9 9818
1 69 9819
43 4 9820
35 20 9821
33 7 9822
41 20 9823
51 27 9824
47 15 9825
59 70 9826
26 15 9827
69 37 9828
11 59 9829
17 5 9830
