70 69 5000
2213 1524 4118 3286 305 2178 4418 945 1815 1840 246 2521 9 773 1093 3771 2083 26 807 3440 2706 1095 357 2909 2477 162 2144 2431 3314 472 1505 696 337 2883 557 697 866 4684 3183 1649 1211 3100 2842 2421 3705 224 3601 3164 2182 2979 3189 3810 4081 1163 2136 3184 586 1535 123 3250 2314 4531 4146 3296 3778 915 1234 2405 2313
4384 4186 2225 509 4659 3466 2712 4691 3522 1674 2606 1617 1652 2396 1713 3161 3538 396 2737 1076 878 2190 2722 4021 985 1995 3225 844 884 4184 370 1750 1126 3202 2496 3445 1491 3141 1271 1303 2843 4482 1274 4354 4110 608 3871 4359 1255 1996 4588 2161 2170 3427 955 4347 1426 3963 421 84 3986 576 584 3691 110 1982 2671 4366 3737
4308 4729 354 4627 4512 3313 648 2465 1677 2537 115 2882 4449 2437 1160 4282 4017 85 356 34 3366 3174 4336 3773 4724 625 4540 3380 3001 3469 2759 1102 1574 1918 743 4428 349 4306 23 3801 616 1280 4314 1757 2723 714 3669 4747 380 3931 2942 499 4622 2054 2283 1442 3266 171 2330 920 1959 3779 3033 3834 3059 4248 3617 3961 157
4362 2192 1130 1184 2067 3693 2788 820 2367 4736 346 1735 14 4160 1659 3792 4256 1970 165 711 4789 4493 882 236 4478 4352 1097 3490 950 2919 263 4147 389 144 1979 1731 4261 1850 3600 2625 4651 4202 2950 2696 2751 1616 852 2698 3086 179 2947 501 1788 2908 2117 4534 229 4292 2774 1059 340 3857 690 1796 3927 4799 1829 4575 4518
2438 3849 1333 891 3751 4434 2784 4078 2943 4298 2791 763 3506 3842 436 3143 4617 4501 4243 97 2857 223 4687 1879 1440 2471 2621 627 1905 101 1803 4701 3950 2661 3382 4543 3191 3875 1672 3377 1372 3706 2651 2845 746 1557 516 3892 91 2814 2536 2765 2729 3350 995 1678 4495 4295 3536 3969 3087 270 1745 1239 1055 2568 4823 4790 4231
4470 681 4169 3880 4297 3819 221 4703 3079 2401 2337 4237 548 965 3448 4595 1861 238 4749 1726 3978 2158 4442 4280 3419 3574 3956 2556 2666 849 853 3951 2602 3052 3231 3839 2529 1827 2145 1698 3283 1837 342 2787 1007 1684 4331 925 167 2598 3465 291 963 612 2096 3356 2962 996 3233 1315 3066 941 3477 1799 1345 2084 1467 2386 2052
2713 1459 362 2833 620 404 1043 1346 738 1179 3831 4755 3589 4778 2474 2821 3343 914 3959 3835 726 1786 2877 2804 2715 2235 778 1720 3085 1830 119 3767 351 646 3094 3332 1527 3679 1614 2377 2304 2590 570 146 1433 2652 3910 1150 668 2357 1795 3618 1417 2732 3047 2836 3080 2101 1357 4204 4820 3321 2688 4694 3180 3710 116 2226 2839
2495 262 2670 2552 3521 4453 753 2423 391 3208 1455 3486 416 2719 3612 4328 1654 2507 2809 1327 1927 2475 4075 131 754 4360 3264 4003 2434 1000 180 4219 2227 251 1175 2616 345 600 3280 1724 1760 4042 474 1252 613 500 4126 4779 1131 1480 2572 1228 3717 917 3470 2021 2346 3764 243 3886 3640 811 446 3674 907 874 3275 3317 2234
1053 2068 4224 1191 2725 821 1335 4117 1140 3949 630 2549 749 453 4309 1243 2035 4 4699 4307 3327 4447 1134 4563 3139 1165 3585 4549 1859 2866 2184 2739 4425 488 2922 4288 2872 1118 4074 4368 57 4718 1793 1635 2523 1797 4744 1481 4680 638 2520 3916 730 3200 438 2526 4178 4498 4361 1306 1736 2503 3483 2734 3867 2522 3948 2634 1725
1603 2890 2215 4641 4128 1358 2576 3559 211 4181 2500 594 801 1425 4669 4435 1331 3523 2773 2714 2298 2911 4721 3919 2604 1210 2627 508 4523 3156 4255 2363 3345 4748 4762 173 3720 3491 4030 2677 3495 1627 2491 1753 4602 1891 1689 1567 2120 4432 505 4226 2202 3197 4196 4454 45 2132 1583 4262 1423 1752 3219 3069 147 3193 3205 1088 2073
3944 4552 1964 2815 2065 1394 1842 1838 2901 341 4171 1398 3884 4678 2941 3672 1581 3111 3623 2644 4250 568 1496 3947 2255 1329 3098 2610 3539 2449 2853 1192 3263 3908 3852 1955 2008 2219 3027 1538 1756 2816 94 2662 2307 4656 716 4591 3178 1152 3785 3912 4129 1642 791 2160 563 3636 299 3179 292 1609 1932 2365 1789 880 411 4386 601
1871 2578 4374 4088 964 4166 3420 2043 107 4101 506 3336 1598 4430 54 4279 4399 4474 4092 4578 4708 3975 2682 3424 1580 3594 3603 1973 15 2191 987 327 364 629 3728 1605 1997 3804 1276 1821 5 2902 3980 3983 322 4113 2533 4029 1051 124 4150 2717 3260 3621 842 919 551 1006 2335 3923 641 1476 2862 2756 3551 2416 3425 1020 454
3637 758 1560 3812 2981 63 3917 3630 88 2390 4222 772 3602 3548 43 400 626 2748 3198 3432 1607 1625 1106 3732 3154 1690 4393 3372 4310 3188 77 3870 1847 1244 3078 4066 1157 847 1719 1411 2133 2408 3175 40 1309 2636 3251 1155 3113 1112 127 1855 317 2448 1173 3384 3050 2912 3633 3045 3099 3616 99 765 2599 502 658 1270 2004
2541 2321 1203 1450 2322 480 3163 3762 1809 3273 3942 2684 2597 2077 4451 654 4058 2701 4665 3996 1929 1103 4394 331 4389 276 1434 4338 3683 1321 3999 3993 3051 1820 4191 2364 265 511 3237 4536 1766 3962 3368 4511 1602 430 1553 2473 3340 3777 3120 3195 1700 3939 4727 1219 3107 3363 4681 352 4637 3505 1238 2030 1864 464 3946 1071 10
2903 3918 290 1681 4211 1470 3660 2208 4673 634 3697 1082 1015 840 3701 3529 984 1341 2769 4035 3108 2946 4043 4472 1042 496 3877 4448 836 2879 1142 205 1748 3453 3568 4032 831 106 283 4340 968 3025 102 4816 379 3824 3433 4537 2665 29 571 4572 2988 867 3853 3593 75 2331 2276 2209 3955 4068 4131 695 210 3889 3518 1812 3132
2265 3170 2752 3457 2985 2953 1220 4227 3611 156 929 1471 4815 2930 3022 3471 3137 3885 2512 4830 2763 3431 735 3828 1216 3463 4143 3833 2413 2085 4547 3629 3244 3532 2654 126 1338 1017 4392 994 4707 1910 56 4378 3117 721 2175 1187 3873 2771 2676 3186 644 423 1014 2129 1867 2172 4639 4013 4657 64 3392 4216 4293 1703 2459 3267 4104
797 1168 2733 2151 490 1493 2046 140 4364 1445 1636 1349 4149 951 4480 1920 3932 3212 877 3185 3159 307 2808 733 1487 3604 2874 4056 978 906 3800 4353 4642 1784 779 112 956 174 1258 4746 3129 510 2316 1325 3760 4561 443 3288 1715 2498 2336 948 1817 701 2399 314 902 1537 4704 1928 3682 3023 2064 1383 1035 3560 1432 2007 2340
3084 1825 4649 850 2923 1111 1297 2600 1839 2193 2587 4008 4168 1251 3847 2453 862 2626 4785 4342 673 53 2244 3709 3979 2482 49 2115 420 198 3482 4513 154 2305 4667 3678 2463 1414 1448 1026 1646 1930 3970 3570 3004 1644 2949 3497 1988 249 4696 954 2835 287 2878 3076 2195 2486 4517 4061 1375 4315 2240 3832 524 619 1863 202 1435
1613 105 2720 4271 2601 752 1759 1706 3243 4083 3284 2980 3639 2718 4793 3650 2699 3503 3367 3714 4731 2849 1597 2472 1685 1359 4208 1072 4321 2904 1162 3390 2579 1556 253 689 3046 4728 21 3500 1296 2169 467 3945 3268 769 1548 2216 916 1923 4716 4238 885 1768 1495 3058 4173 4445 41 585 3123 1980 1416 4234 4723 940 606 1828 1773
2070 2301 2561 3807 2913 4460 4301 541 2749 1084 737 73 665 261 3653 1950 632 188 3641 2198 1653 1090 3664 4568 3481 495 1028 3265 2783 3041 1077 961 708 3552 3542 3227 2009 1248 2238 1974 2574 407 678 1862 4031 2524 3146 700 825 3358 1540 2566 519 240 2109 1606 3236 1022 4026 117 905 1353 2207 975 4289 788 2140 1940 780
1356 3790 1384 1785 2876 4604 1311 3106 4109 2881 2297 2300 2852 3869 1985 2819 2586 4606 3547 544 1805 4189 4802 3247 3759 1070 468 347 953 4350 2551 103 148 873 1620 1876 742 1551 3068 3385 1765 2005 3271 4562 2006 2805 1631 1141 3776 3571 4179 315 720 410 3131 3851 3610 3914 2415 3933 521 583 2643 4341 1456 1225 1733 2378 3988
483 2648 2075 691 3665 1145 593 219 3036 2394 1232 2146 3803 4490 3501 4395 1806 2509 3782 1664 2584 1611 3222 2028 2406 2295 4349 274 2489 3519 3533 4193 2885 2583 3907 3220 2528 3868 4759 374 2685 837 2311 1841 4530 1332 2361 2645 1810 2775 4335 2834 3462 1263 2538 857 1404 861 1661 1290 486 2232 3168 3487 1747 615 413 4539 645
2753 4073 4810 359 628 3166 2348 4783 3416 4623 3325 4726 2973 377 3149 2285 1944 2563 1890 2241 3082 3757 3906 1623 4556 3517 3587 4583 1710 1595 1265 4247 25 2194 1676 3114 2553 1207 2642 3545 4781 3253 4660 2315 232 3177 863 848 4784 4590 3577 121 3019 2452 2939 2058 2047 1186 2801 2681 3562 2594 921 334 455 2074 4141 4427 3210
1245 3802 4650 431 3119 3230 2730 135 3400 3252 3921 771 295 3902 3173 1961 3405 1852 3426 72 4408 142 1729 1608 2724 3786 4114 3700 4521 698 2387 1992 213 4047 4079 3246 3071 3719 1987 3142 227 2323 3794 3428 4541 2236 2403 809 1513 3040 2277 2667 1846 530 3342 329 1223 1526 2483 3724 2608 3294 798 2037 4059 3028 1089 1953 1486
1316 2591 537 4484 4794 2022 900 1229 2211 2532 4223 822 3302 2589 640 1667 4387 2166 572 553 2124 2740 525 1858 4526 120 4468 4826 3498 1570 1714 3874 3438 4609 4798 3436 3844 1009 1121 3735 68 27 1519 2702 1366 4420 11 4510 4232 3643 1391 3062 1156 4828 2592 603 4584 1172 2817 4466 2968 1782 2397 2002 4014 560 2261 497 2705
2010 2137 792 4458 3985 504 3277 298 3658 3846 155 4015 304 4246 1447 4316 4375 2497 2562 4436 1011 3740 59 1947 3003 4795 3347 3145 536 2864 1545 3298 2992 3165 1092 3446 1355 32 3370 1182 4334 786 4809 3982 4709 4305 565 182 485 150 1913 4742 3238 1058 4771 1819 2056 4822 727 231 1702 462 3172 4827 3805 2927 1376 3872 130
4525 4491 4782 55 2254 3702 164 1194 2111 4300 2466 3394 133 2467 3733 2837 3968 1040 2777 2910 4520 2638 4212 1508 1967 212 2370 602 20 2807 3878 931 2820 2944 176 2345 1510 3534 4396 2582 1046 3187 1277 3474 1705 675 3972 4274 33 1981 4607 282 2072 1027 3642 3569 4380 1460 3435 4346 2447 3822 591 3454 704 748 2487 2623 3371
4754 1658 3564 344 3591 3395 3324 2974 3239 937 4157 3729 631 1407 113 4677 1489 2100 3043 4554 3928 1836 449 4587 4137 81 2142 728 2032 1924 1067 1634 1662 2150 4304 3316 2914 3488 4419 456 2286 2372 1031 2822 887 3083 1741 4080 4270 1101 4633 3976 269 2291 4229 1235 3061 4663 1960 2091 4242 886 952 1295 1629 566 2456 3413 3282
1029 671 2092 729 2680 2026 172 1465 128 206 4381 427 688 1764 297 2555 293 392 3439 170 1818 3320 2517 4702 87 234 598 152 80 531 470 4063 3008 2569 3088 4067 1693 3722 3305 3034 4535 1835 1300 751 1660 569 3858 1895 426 4312 3049 4768 4654 3528 1734 461 2982 395 184 2359 3563 1802 3809 2669 247 4156 816 151 2972
1061 819 2929 4528 4763 3478 4559 2454 552 76 2200 1181 1594 3379 3920 1912 1933 4244 4369 1663 4753 4598 1310 3349 3401 4048 4318 787 199 141 2206 4479 3447 1622 4594 1081 972 4457 1632 2306 2076 4413 4645 1446 1691 2273 3456 4461 1886 3713 558 3357 793 3981 599 649 3598 4788 343 3407 177 2326 3592 2221 4057 1149 4545 4605 908
2513 2033 1488 2932 1892 1884 1880 2958 768 1907 3865 1969 451 3109 523 4791 1730 1138 3814 1100 4372 3218 2400 1153 4613 4388 4273 4266 2343 1530 403 1856 353 4780 4601 1057 1517 3627 578 316 1257 4203 2258 2391 38 1601 1779 710 2510 2319 1755 2429 2353 3434 1801 1387 3830 1569 1872 3895 1900 1268 4821 651 2635 2478 731 3209 635
2629 4635 324 2018 775 1774 3216 161 4011 764 1337 4417 830 3763 834 1195 2440 4402 2425 2442 1588 92 4276 457 4441 3449 2647 3784 3309 4652 1379 1005 1001 2210 1991 859 1882 1052 1472 2856 1030 2118 1807 1780 3820 1209 2443 2738 2108 3029 2171 879 2121 1604 4775 360 19 2800 3596 2163 321 3859 1236 1477 1044 284 528 3843 3423
4051 3289 1202 3328 1822 3335 2218 4324 4770 1354 3118 3035 1811 1475 272 2159 810 623 402 1363 1966 1397 3134 3817 4130 957 330 125 4471 3158 4027 319 361 2897 4287 2428 2798 2575 2990 4249 4499 3826 1368 2398 2199 2274 365 303 3890 1673 2079 2188 1899 2894 111 1582 1866 3973 3891 744 4647 2827 1587 1769 214 1479 2003 1523 2675
1073 2830 556 736 4487 2818 719 617 4599 2796 3647 2369 4735 1108 3256 4576 3816 3703 415 1727 4398 677 2672 3389 273 2267 387 381 777 4036 2577 3369 4411 1385 3897 3077 2746 4205 22 1951 3707 2871 4019 1438 4643 1935 4463 4506 2165 1549 1060 3489 4564 4183 732 3688 1410 1146 2012 279 669 3635 3615 1958 3798 4508 2114 3840 1340
3739 2755 1888 1584 4679 4750 1977 1273 1868 2613 1948 2678 4734 207 1136 3676 2593 1139 4258 2341 163 4646 2155 2683 4071 3097 2831 1998 555 1983 1898 2303 4477 3009 1528 4175 1542 2469 2292 1926 244 8 1301 4006 1737 1638 2704 4608 4462 4018 1668 3646 4787 3696 3241 4619 2352 1976 4060 35 3053 3397 1096 3451 1762 4330 3911 897 4370
3303 4476 1339 3876 2410 3541 4592 252 209 4096 2618 373 2249 2906 692 3689 4710 2639 4062 983 694 3299 1323 3938 2721 201 3795 2217 3576 4112 74 1198 2595 2062 12 1657 2991 2201 1110 3291 1941 3905 4106 1869 4139 2157 2458 1743 1628 3965 1921 3499 3081 1208 4257 2338 1520 3248 2850 1080 2728 3249 605 1246 4333 4631 3192 4424 52
1897 114 2134 2069 3396 4593 2694 776 2649 4752 1113 868 4180 4004 3543 3741 3240 1124 393 522 795 507 1127 445 4443 160 2088 1922 2328 1547 2320 790 1949 2104 633 3359 326 4055 702 386 3670 3929 3769 2531 1666 424 4260 4807 3997 1721 3232 2848 3531 3272 1378 1501 4739 2204 3579 1566 535 1732 378 2024 2986 1132 4489 3654 1285
2812 2412 2362 1205 1916 2325 1065 2978 2485 2543 2921 2779 2750 2393 325 3856 3408 3409 3952 2934 4400 3520 3417 3581 4269 1894 1507 3412 2889 4625 2266 2875 4170 2711 724 2535 458 3940 4182 2768 2989 4187 2899 3038 2984 533 3042 3723 642 4626 1449 4725 492 699 3749 3535 2127 1370 892 3461 1531 1174 1573 4610 2383 4236 1906 622 268
3056 1241 4634 1122 4313 4000 2760 104 549 2860 2490 2374 1823 1694 4201 1454 2515 4829 2997 2567 452 517 2122 1324 1800 4801 3214 3048 4241 2554 2957 3901 4483 802 1334 2239 332 3806 2542 1874 4758 1222 4438 826 2488 192 137 841 2754 4164 539 4091 4045 4317 2884 3190 4089 672 3429 3276 3514 1107 254 3341 4648 1201 363 864 3747
2078 1529 796 3711 3319 1016 3437 3026 4414 1148 1808 2969 4124 592 1288 3235 1352 1298 667 2653 3567 425 3662 4429 83 1624 288 412 2493 923 854 3002 2457 3020 766 881 4433 958 3994 4210 4357 2392 1048 2937 2762 4107 664 2480 336 3954 1159 2844 487 4283 1314 1533 4044 3566 562 4344 3597 3631 1814 1347 2550 3827 756 2865 1406
4655 2741 4776 979 1116 595 1503 2954 47 245 4320 4172 1462 4329 3796 674 3015 1482 1787 3130 60 1716 912 1751 2351 355 62 233 28 3414 3738 3638 2355 3101 1565 1075 2025 1237 2259 827 348 1437 663 4383 3338 761 4767 1019 1221 930 3685 1965 4464 6 4319 4624 2279 1045 2409 1575 2580 2354 3473 4108 1688 1497 2686 4054 3402
2745 2436 3989 922 3556 4720 532 1444 653 2094 4162 3344 24 4465 1596 759 542 328 3476 1436 4761 1851 3297 3558 3941 3734 2379 3628 2646 1431 2907 4628 991 2664 1143 3930 1925 3181 3005 1212 1286 3516 3452 3017 1902 4337 693 2013 4786 934 3823 2055 1474 4037 4700 2560 3937 2766 1896 3774 4569 662 933 1135 2571 574 3573 489 1612
4688 1989 4509 1292 3373 3829 2855 3024 2147 1377 1037 3609 1975 4198 4070 139 3006 4303 2389 1128 1294 895 901 1986 1215 725 178 189 1956 235 401 4585 1361 2250 865 3754 4348 3362 1087 4253 4167 3681 657 1305 1647 3016 2481 762 3888 17 750 1739 2356 4025 3622 4519 2955 1831 926 4065 3406 3935 4621 4053 1749 2727 2098 3990 2716
3075 3468 2027 3791 2418 760 258 3292 2128 4683 2223 3089 2803 3513 3582 1369 4195 3404 4456 2460 784 409 1633 4685 300 1770 3399 1590 999 1002 2041 2016 2243 3104 2747 4040 1518 2153 257 4332 498 3 3595 3864 1534 1699 4325 1293 960 2001 845 1098 2167 2792 3841 2847 4636 3772 3644 3410 2106 1403 706 2224 3626 2288 4455 2173 4581
2695 2925 1511 1291 4093 2828 3415 1318 2395 1600 4158 1350 2148 785 3632 3102 1402 1845 4254 1463 652 367 610 3287 4294 1176 3475 596 197 4686 3194 971 2905 2349 4743 4616 4638 4658 1942 71 3315 3960 2332 3337 475 2264 1695 2789 1199 4153 4084 3092 2709 3147 3746 621 2794 998 783 1256 4672 683 2233 3699 2082 1039 3991 2162 1813
1901 3649 4603 4421 450 3752 2663 275 65 90 2691 4548 4580 3355 4311 2945 1939 4764 1909 1509 2780 4046 1915 1669 4507 2107 2757 2105 1914 614 259 4737 851 1066 2540 2247 2920 3421 2823 3550 2870 3091 3716 2838 3934 1873 168 3648 3155 4711 3721 3580 2023 3753 4039 4377 1213 4777 980 3524 432 1963 1313 2040 1308 1792 3021 2296 203
4001 2385 4086 3278 267 2020 3386 550 2825 2461 4522 4500 1464 513 2271 871 2441 1639 1854 2411 3182 4505 444 31 4365 1158 2432 3467 1319 312 382 1711 1911 527 153 3014 4514 3913 2135 2053 4661 1554 932 1452 3725 2294 338 3537 2242 4437 4230 2761 4690 280 2468 3502 1908 1302 3054 3515 3485 2632 540 3242 2183 3458 3788 1586 3479
1170 3095 2381 1473 1281 3750 1746 1962 1010 441 3557 478 4379 3663 1266 4140 4502 1390 1571 3422 3224 4676 4811 554 2786 2263 225 997 1418 3122 2262 4452 3450 358 3634 855 4135 1227 3055 3374 2892 2658 477 2174 4034 2318 37 3680 3044 1386 3904 2797 4268 2450 306 1722 1539 311 1562 463 3153 3318 3619 4503 3756 1585 2993 1272 1578
974 928 4692 4444 2548 481 1389 3599 4566 2269 1392 3575 2674 4612 376 50 581 228 2963 191 1240 4713 1230 518 1217 2290 2546 1936 2707 3124 2179 611 2462 715 4020 2113 2205 4197 1412 4670 2994 597 1189 1259 3361 3553 2530 2660 4133 2970 561 138 2152 4401 4733 339 439 3783 3690 800 429 2275 3668 4577 789 2668 4299 3789 1502
1371 1 1883 3511 1630 1903 294 1458 1254 108 3441 4220 3308 3900 3883 4662 4105 713 4804 1395 109 4415 2926 4706 1794 1114 679 3977 3614 2451 872 4589 2743 896 3730 4410 1968 196 4095 4028 2975 3105 1875 637 2511 3590 3863 1336 4265 2380 1422 4550 2790 2767 3507 3460 3887 1783 399 2375 656 1261 4343 4132 2324 2102 2327 1304 4695
4120 3333 4403 1999 3797 2187 3037 3894 2502 666 200 4007 366 1364 1550 369 3331 1382 1645 256 218 1188 1589 4582 3375 1430 4087 2952 2382 1704 3808 4450 1712 709 4488 4666 4174 2407 1278 2402 2245 2710 1388 2093 95 1429 2011 774 3692 670 3766 575 1742 494 3898 3549 3455 2427 1307 3731 2212 3666 2308 1853 459 2404 3128 2806 1993
3736 538 4527 2066 1154 3758 3813 3334 3837 1650 1260 4225 2445 2936 4239 2189 3140 79 4773 503 4551 4632 936 2924 3727 1952 4808 3583 260 1161 2017 3584 893 3126 1579 559 2810 3226 2494 2059 1934 2435 2679 4812 143 4252 1147 981 2824 2334 1577 1561 3203 1776 2558 618 2071 2687 818 1516 1289 1013 988 2641 129 2050 4797 609 3300
4494 722 3096 4697 4050 4818 4614 3652 4391 3064 2960 1945 4682 183 2916 384 1758 4615 4322 4722 3443 397 1283 4630 1833 1637 323 479 4259 4473 3000 4385 526 1326 398 1025 100 3329 4740 3657 2933 1421 3818 1330 3770 4611 734 86 1224 1167 1692 4719 335 3903 195 723 959 2630 4002 2446 4376 3176 3943 4757 16 471 190 3312 1798
838 3354 1532 1461 1123 1754 3018 4159 607 4148 890 4404 4553 264 3464 4098 4272 2222 4206 1877 1937 3768 4355 3403 1231 1400 4574 118 310 2565 3605 1881 3381 4515 4529 2886 2309 3554 1943 2918 2095 2506 1399 2246 1105 4281 4371 3909 1763 4497 1917 2826 51 3116 4803 4264 460 3484 687 181 913 580 1041 1003 2130 1109 3007 4825 1023
1183 3196 2615 216 2650 3290 573 4277 4567 1555 2622 3306 3234 385 1038 2581 1775 2829 2368 2099 185 3065 832 817 4192 4077 2846 2640 2060 2420 2514 4664 2347 3221 469 1643 4122 3799 4023 655 3391 3103 3645 2360 2333 4796 2880 3442 2620 967 2168 2940 2049 839 2376 484 2873 1144 514 2731 4714 3698 4240 1849 2164 1380 4235 166 3270
1169 4367 3259 4010 4390 949 437 1177 2038 4382 2887 684 946 579 4123 2612 1656 4188 4138 515 2802 3167 1409 799 2284 3346 4185 2545 3565 2987 3162 1870 2149 1686 390 2339 4689 833 1492 2143 1860 58 1218 4373 969 1804 2508 82 3987 4145 2893 4284 2237 1180 4618 4190 589 1954 911 2628 2014 4440 582 986 1119 803 2611 3169 3201
1206 1365 2019 1262 3322 175 3492 3966 2869 814 491 3060 3245 3613 824 943 1468 1233 577 220 2439 650 4732 1834 4524 2366 860 1078 2851 1242 2519 2342 3411 3974 3656 2896 1515 3012 289 434 2863 3671 4705 982 1469 1328 3229 990 3135 2996 1024 1498 4674 4769 2964 520 493 3998 1282 4033 132 2995 3206 823 2888 277 2891 4165 1777
442 588 3136 889 3383 250 3655 4557 1362 4407 2624 4302 4813 2344 4207 1351 3090 2123 1247 2081 465 3138 3620 545 1200 3578 4397 13 3787 875 2564 546 1012 4064 3261 2089 1062 3821 4532 1904 3508 1115 2464 2251 1264 2470 3067 636 935 1427 3624 4459 1978 302 3121 3228 248 3661 4176 301 222 3607 1521 3010 4052 829 2744 3742 2832
2119 3269 2603 3133 4278 4200 1618 2358 1171 1500 4177 1032 682 3838 3525 194 717 2588 1938 2570 4345 4698 2203 4245 2841 3152 659 2726 2617 1576 4571 1640 320 680 2935 3606 1723 3074 4115 1790 3151 2281 3781 1889 947 3687 2419 2673 2585 1428 1971 4286 4671 4285 2770 2031 466 3745 3160 1865 2501 4405 3984 1568 1559 4119 1682 4496 3850
1133 3958 419 846 647 856 4475 2607 2637 1008 2948 843 169 2289 1054 406 3748 604 4215 42 2312 158 2126 239 2631 278 3744 2087 242 1592 813 4675 2544 4152 3031 1419 2736 3348 4142 3393 1984 4351 44 476 992 3755 767 309 1994 3953 918 4102 2110 2229 2154 4570 3211 2455 989 1267 4751 3765 3281 4533 2998 1287 2048 2772 2614
741 685 448 4766 1543 159 2778 4072 4163 2516 1878 4426 2659 372 186 383 4154 371 740 4233 1360 564 1036 4199 904 4094 215 4640 414 3215 4082 313 512 1824 48 4005 3793 440 2181 4756 3815 4099 1063 281 3353 3561 145 2782 98 2476 3279 2928 543 3301 1738 2799 122 927 1250 2559 217 4111 3995 3388 1610 4356 2097 46 3093
1405 2938 1541 4546 1204 4741 1990 3365 3063 888 3504 1457 3825 285 1413 2692 806 4412 3926 1441 707 805 903 1478 1381 1558 67 3861 2655 3811 4542 2329 1196 286 4090 2956 2518 3704 4103 1848 2282 3039 1844 1772 1544 1269 1443 4730 4214 1104 4049 4263 4814 4327 876 3667 4218 3171 4745 3274 4806 2371 1317 4653 1033 2689 1050 898 3255
966 4291 4275 3295 1670 2278 1415 883 747 4038 134 271 2125 2619 3352 230 3967 2302 3848 755 2116 2177 4504 2633 2976 1344 3330 226 3651 1525 417 2414 4217 1069 1129 3418 333 4717 4668 3925 4693 1299 4516 1408 3073 3293 1552 3430 2080 1275 428 2700 939 78 4573 1826 2061 1709 2776 3512 1619 1068 1178 482 435 2965 1021 2197 447
3378 1683 757 4629 899 3899 1079 3144 1483 36 624 2859 96 909 2000 2931 534 1099 587 1593 4423 2036 3351 3030 4339 1056 2384 3310 3258 3544 976 3496 3493 4772 2185 1761 3070 4076 2103 3893 4819 3459 3304 782 3339 4358 1655 1816 1728 2139 804 1034 1893 4012 1546 2915 3472 2609 1074 4209 149 643 973 1494 4009 3677 770 2708 4760
686 3494 3964 4715 1312 1284 433 1120 2505 2299 2900 3743 1626 3125 2966 705 2220 7 1514 3684 2484 3540 2811 910 1047 3148 4151 2479 4069 4022 1214 3444 718 4267 2141 2280 1279 1696 3011 3311 318 4565 4155 808 1396 4125 1485 2492 944 255 942 3262 2861 3072 1651 187 745 676 1049 2231 1931 3708 1484 2534 4439 1373 4597 3761 1064
2758 703 739 3718 1536 4136 4097 1506 3032 547 2527 2961 2131 2086 2293 4485 2287 1778 1671 2388 4144 2272 3775 4738 1697 3845 1453 3387 4416 3695 89 2214 4538 296 3881 4600 2090 2310 1919 266 4422 2 4213 1374 241 3924 3112 3204 2373 1615 350 1718 3127 1320 1367 4041 3285 4085 69 1591 794 1083 3586 1117 3882 2840 1641 4469 2180
4712 2854 2959 1599 1717 3199 3686 3364 66 3150 4161 2499 3836 237 1648 1767 1675 1086 4016 2186 2252 1972 1164 1322 1439 3854 3480 4290 1094 1197 924 2596 1490 2656 1185 1343 2045 4251 3376 1190 970 2433 4446 2898 3896 1226 590 4024 2999 2693 1701 4492 1680 1665 3608 3257 2042 3213 2868 2039 3157 394 473 39 1451 1957 4644 4805 2657
4586 4363 193 1791 3326 2257 1857 1085 1004 1744 1504 2795 2605 3922 418 4221 1137 2253 4134 2051 1572 1843 4486 2260 2735 1401 938 4620 870 3057 2951 712 2228 3992 3110 3323 2424 2690 422 93 1740 4406 2697 1887 3530 4296 2350 529 1564 1687 1946 4228 3223 1193 3207 3555 2230 1253 661 3866 3915 2444 3307 2504 3398 3509 1018 1679 1707
2057 30 2977 2547 1563 3936 1125 4774 812 2422 2063 368 815 375 3675 2971 2573 4792 3526 2044 4467 2015 660 308 1091 2813 4596 2781 4409 1466 1499 3957 3217 4481 2248 3360 405 2029 3013 4544 2268 4817 2525 4100 4323 3879 70 2176 408 2317 781 3860 2417 828 4127 3254 4824 2034 3527 3971 2557 3673 3659 2430 835 3115 3780 4194 2256
1393 1348 2793 2895 18 4431 1420 3510 2539 962 993 2156 2196 2112 2270 3715 4558 1771 2785 1708 977 2983 869 2917 61 4121 3694 2742 2703 2764 3572 1781 4800 1832 4765 1885 4116 1424 567 2967 3862 3712 1621 3726 3625 1166 1342 2426 1151 1249 2867 1522 136 4555 894 3855 639 4579 1512 3546 858 4560 208 4326 2858 3588 2138 388 204
1 10 4831
48 17 4832
33 38 4833
38 5 4834
53 58 4835
50 46 4836
8 9 4837
14 55 4838
5 37 4839
35 17 4840
47 66 4841
60 42 4842
18 12 4843
26 37 4844
11 22 4845
6 25 4846
15 52 4847
6 6 4848
13 63 4849
54 33 4850
42 11 4851
8 23 4852
50 3 4853
9 43 4854
22 4 4855
7 51 4856
2 41 4857
23 9 4858
22 65 4859
37 1 4860
48 16 4861
36 55 4862
11 4 4863
16 42 4864
69 69 4865
17 4 4866
68 56 4867
25 18 4868
15 58 4869
36 30 4870
15 14 4871
14 67 4872
19 10 4873
17 68 4874
31 55 4875
13 27 4876
51 28 4877
7 31 4878
59 52 4879
58 58 4880
52 6 4881
22 23 4882
61 35 4883
49 1 4884
9 8 4885
40 11 4886
38 12 4887
14 57 4888
22 52 4889
39 30 4890
29 65 4891
48 15 4892
64 65 4893
69 21 4894
3 47 4895
36 60 4896
49 3 4897
17 55 4898
1 40 4899
18 57 4900
28 38 4901
44 27 4902
60 50 4903
3 56 4904
64 68 4905
10 22 4906
17 10 4907
39 61 4908
63 15 4909
64 62 4910
4 68 4911
65 11 4912
49 39 4913
7 61 4914
33 26 4915
21 57 4916
4 31 4917
38 26 4918
48 4 4919
67 9 4920
44 26 4921
18 36 4922
70 38 4923
15 36 4924
57 65 4925
9 4 4926
53 11 4927
34 32 4928
55 63 4929
30 22 4930
50 50 4931
7 14 4932
35 22 4933
46 4 4934
56 20 4935
37 59 4936
29 68 4937
55 19 4938
1 17 4939
61 55 4940
1 69 4941
61 68 4942
58 13 4943
67 33 4944
32 8 4945
46 17 4946
9 51 4947
59 1 4948
50 20 4949
52 2 4950
30 25 4951
21 44 4952
7 7 4953
56 7 4954
23 10 4955
4 17 4956
57 36 4957
6 19 4958
61 41 4959
20 43 4960
64 22 4961
30 56 4962
44 10 4963
33 9 4964
61 22 4965
1 4 4966
17 11 4967
24 32 4968
22 29 4969
15 5 4970
15 42 4971
1 52 4972
41 51 4973
64 56 4974
11 51 4975
16 34 4976
64 6 4977
43 30 4978
37 3 4979
65 45 4980
29 18 4981
18 8 4982
7 58 4983
49 8 4984
57 22 4985
3 6 4986
56 39 4987
15 40 4988
54 60 4989
10 33 4990
5 36 4991
32 35 4992
24 23 4993
18 64 4994
20 47 4995
37 65 4996
24 61 4997
11 40 4998
4 1 4999
10 57 5000
20 46 5001
67 17 5002
62 65 5003
46 5 5004
69 69 5005
33 28 5006
21 37 5007
42 54 5008
52 28 5009
28 40 5010
32 55 5011
34 69 5012
18 64 5013
19 30 5014
22 3 5015
17 61 5016
4 40 5017
7 15 5018
63 53 5019
52 52 5020
52 18 5021
3 42 5022
46 39 5023
27 20 5024
35 44 5025
22 67 5026
26 4 5027
15 69 5028
53 53 5029
45 15 5030
61 39 5031
61 67 5032
48 20 5033
3 6 5034
20 33 5035
10 33 5036
29 57 5037
56 47 5038
24 19 5039
61 68 5040
56 37 5041
25 18 5042
56 56 5043
44 3 5044
47 50 5045
67 32 5046
69 5 5047
34 40 5048
8 32 5049
56 29 5050
20 14 5051
17 50 5052
43 69 5053
67 11 5054
23 42 5055
28 3 5056
11 38 5057
61 14 5058
23 1 5059
70 17 5060
56 11 5061
57 15 5062
45 60 5063
64 25 5064
6 64 5065
20 63 5066
25 15 5067
25 7 5068
20 55 5069
9 10 5070
60 33 5071
31 33 5072
52 61 5073
17 63 5074
59 37 5075
57 38 5076
55 63 5077
67 14 5078
15 68 5079
45 7 5080
16 32 5081
2 39 5082
19 33 5083
2 22 5084
31 12 5085
70 24 5086
46 7 5087
13 25 5088
24 39 5089
43 57 5090
70 24 5091
43 31 5092
26 39 5093
62 56 5094
12 5 5095
45 61 5096
41 56 5097
1 13 5098
51 43 5099
1 54 5100
5 11 5101
56 67 5102
37 17 5103
4 52 5104
20 44 5105
51 16 5106
19 59 5107
56 36 5108
13 10 5109
33 65 5110
66 15 5111
60 44 5112
46 55 5113
30 1 5114
63 28 5115
63 37 5116
28 34 5117
20 53 5118
43 17 5119
42 8 5120
64 26 5121
38 27 5122
25 9 5123
70 12 5124
55 17 5125
10 18 5126
1 26 5127
7 26 5128
38 28 5129
62 13 5130
10 6 5131
16 15 5132
36 60 5133
63 4 5134
47 28 5135
42 3 5136
15 43 5137
55 33 5138
41 6 5139
3 19 5140
25 10 5141
56 8 5142
23 44 5143
12 52 5144
51 54 5145
4 26 5146
49 31 5147
22 13 5148
40 17 5149
17 21 5150
2 60 5151
27 19 5152
13 10 5153
36 51 5154
49 21 5155
18 34 5156
57 52 5157
40 19 5158
44 62 5159
56 61 5160
47 5 5161
53 46 5162
22 63 5163
66 52 5164
41 36 5165
24 57 5166
44 31 5167
55 66 5168
22 53 5169
54 57 5170
57 29 5171
51 2 5172
54 9 5173
56 21 5174
6 34 5175
70 38 5176
19 41 5177
69 33 5178
17 60 5179
12 45 5180
7 26 5181
1 10 5182
67 26 5183
44 26 5184
11 65 5185
5 62 5186
35 10 5187
16 41 5188
11 66 5189
10 31 5190
60 51 5191
20 49 5192
25 65 5193
44 52 5194
55 43 5195
35 37 5196
56 43 5197
51 48 5198
44 49 5199
45 50 5200
49 36 5201
31 68 5202
70 24 5203
6 22 5204
68 44 5205
54 16 5206
58 55 5207
52 45 5208
68 42 5209
45 55 5210
55 1 5211
12 36 5212
24 41 5213
42 35 5214
12 42 5215
27 25 5216
24 46 5217
33 35 5218
25 4 5219
18 11 5220
39 58 5221
1 6 5222
51 50 5223
10 10 5224
67 14 5225
30 15 5226
19 3 5227
29 42 5228
33 5 5229
64 39 5230
27 47 5231
9 15 5232
48 51 5233
32 65 5234
52 32 5235
20 55 5236
66 21 5237
46 51 5238
32 2 5239
57 22 5240
38 37 5241
24 66 5242
27 42 5243
22 68 5244
11 36 5245
62 67 5246
45 44 5247
70 3 5248
33 2 5249
47 41 5250
17 19 5251
7 52 5252
26 58 5253
43 5 5254
27 20 5255
32 52 5256
39 33 5257
10 36 5258
12 34 5259
68 14 5260
10 19 5261
35 43 5262
7 25 5263
39 51 5264
33 30 5265
25 65 5266
15 13 5267
30 46 5268
64 35 5269
45 68 5270
6 59 5271
22 20 5272
49 4 5273
58 53 5274
4 42 5275
20 12 5276
59 68 5277
57 30 5278
54 43 5279
21 18 5280
8 8 5281
43 21 5282
59 23 5283
68 62 5284
44 60 5285
9 65 5286
69 48 5287
13 18 5288
36 49 5289
18 6 5290
69 7 5291
10 42 5292
47 29 5293
20 32 5294
12 31 5295
34 36 5296
7 40 5297
4 16 5298
29 10 5299
34 14 5300
5 39 5301
45 4 5302
5 24 5303
9 37 5304
64 7 5305
47 43 5306
13 41 5307
26 40 5308
28 3 5309
17 5 5310
57 58 5311
11 12 5312
30 37 5313
40 8 5314
36 9 5315
37 32 5316
56 28 5317
7 29 5318
37 24 5319
61 23 5320
39 6 5321
23 59 5322
2 63 5323
55 61 5324
34 45 5325
57 33 5326
20 5 5327
24 48 5328
35 21 5329
16 18 5330
27 49 5331
23 26 5332
21 64 5333
23 44 5334
49 27 5335
17 10 5336
17 19 5337
57 27 5338
54 54 5339
44 55 5340
32 32 5341
12 43 5342
66 37 5343
51 6 5344
19 35 5345
38 13 5346
45 62 5347
17 54 5348
44 58 5349
8 9 5350
22 30 5351
62 37 5352
60 52 5353
34 10 5354
36 2 5355
17 68 5356
47 26 5357
22 10 5358
64 58 5359
3 15 5360
41 8 5361
16 22 5362
15 62 5363
49 64 5364
17 45 5365
23 50 5366
67 44 5367
44 12 5368
5 38 5369
49 61 5370
67 18 5371
30 50 5372
37 67 5373
44 53 5374
55 66 5375
9 4 5376
23 36 5377
51 18 5378
48 12 5379
66 30 5380
11 33 5381
24 45 5382
2 17 5383
48 45 5384
54 49 5385
35 11 5386
67 50 5387
34 21 5388
68 35 5389
57 35 5390
20 37 5391
51 37 5392
31 16 5393
30 53 5394
34 46 5395
26 9 5396
45 57 5397
26 5 5398
13 7 5399
39 10 5400
20 6 5401
7 12 5402
16 46 5403
27 24 5404
57 63 5405
25 39 5406
64 68 5407
69 63 5408
68 40 5409
37 36 5410
32 66 5411
59 28 5412
33 53 5413
50 21 5414
36 30 5415
38 47 5416
70 65 5417
30 21 5418
7 32 5419
66 37 5420
61 29 5421
64 41 5422
55 23 5423
68 8 5424
59 60 5425
13 20 5426
18 63 5427
36 52 5428
56 17 5429
6 64 5430
60 7 5431
68 19 5432
40 50 5433
6 18 5434
44 47 5435
58 8 5436
50 12 5437
37 58 5438
65 19 5439
47 52 5440
24 12 5441
18 42 5442
42 19 5443
26 38 5444
62 2 5445
46 24 5446
30 7 5447
24 40 5448
2 2 5449
59 32 5450
28 14 5451
45 69 5452
18 20 5453
57 64 5454
57 50 5455
58 26 5456
18 66 5457
20 45 5458
37 42 5459
22 13 5460
31 9 5461
30 49 5462
15 11 5463
36 36 5464
21 36 5465
16 43 5466
22 20 5467
13 66 5468
18 14 5469
48 35 5470
62 4 5471
47 32 5472
47 52 5473
66 27 5474
32 4 5475
28 55 5476
67 24 5477
47 17 5478
23 4 5479
39 40 5480
51 26 5481
39 49 5482
4 32 5483
14 11 5484
65 13 5485
58 21 5486
20 35 5487
7 9 5488
39 25 5489
1 50 5490
53 59 5491
34 33 5492
20 63 5493
8 9 5494
12 57 5495
54 6 5496
6 30 5497
7 33 5498
68 15 5499
50 53 5500
51 44 5501
68 55 5502
70 14 5503
35 9 5504
41 23 5505
18 2 5506
35 68 5507
34 49 5508
28 44 5509
53 15 5510
31 8 5511
21 3 5512
30 28 5513
25 12 5514
1 25 5515
35 48 5516
62 29 5517
59 29 5518
36 2 5519
57 14 5520
62 7 5521
64 27 5522
30 3 5523
43 46 5524
2 49 5525
47 4 5526
46 4 5527
22 57 5528
65 9 5529
49 4 5530
68 50 5531
51 26 5532
25 36 5533
5 17 5534
32 57 5535
62 48 5536
8 45 5537
46 28 5538
2 9 5539
44 40 5540
24 31 5541
49 50 5542
28 9 5543
8 41 5544
25 29 5545
15 47 5546
5 26 5547
7 3 5548
59 56 5549
40 41 5550
63 66 5551
18 51 5552
33 29 5553
41 54 5554
39 38 5555
11 11 5556
33 31 5557
69 11 5558
65 56 5559
1 15 5560
25 64 5561
26 12 5562
54 47 5563
60 8 5564
64 68 5565
55 15 5566
24 13 5567
17 34 5568
5 44 5569
15 2 5570
1 63 5571
33 18 5572
13 55 5573
65 43 5574
31 20 5575
35 41 5576
7 28 5577
17 63 5578
66 49 5579
28 56 5580
24 38 5581
49 20 5582
27 1 5583
54 65 5584
40 40 5585
9 23 5586
62 51 5587
18 25 5588
54 58 5589
67 48 5590
28 29 5591
66 35 5592
50 12 5593
56 34 5594
35 67 5595
7 1 5596
12 2 5597
46 30 5598
20 13 5599
34 33 5600
20 5 5601
51 44 5602
35 32 5603
40 47 5604
36 27 5605
28 42 5606
4 7 5607
28 3 5608
33 19 5609
15 63 5610
62 26 5611
54 61 5612
22 60 5613
42 48 5614
66 34 5615
33 37 5616
58 20 5617
43 2 5618
46 60 5619
39 9 5620
21 46 5621
21 58 5622
51 62 5623
53 39 5624
2 30 5625
68 10 5626
20 69 5627
46 54 5628
59 4 5629
42 27 5630
68 66 5631
17 64 5632
32 14 5633
26 55 5634
11 37 5635
51 36 5636
33 20 5637
12 30 5638
36 32 5639
62 62 5640
61 27 5641
8 62 5642
54 27 5643
45 58 5644
30 66 5645
55 64 5646
4 10 5647
13 22 5648
56 41 5649
29 16 5650
59 56 5651
44 66 5652
45 46 5653
38 53 5654
19 38 5655
3 17 5656
61 25 5657
34 24 5658
21 25 5659
31 28 5660
69 31 5661
9 69 5662
36 3 5663
48 40 5664
17 6 5665
54 65 5666
5 64 5667
23 36 5668
43 47 5669
62 37 5670
35 57 5671
49 13 5672
57 34 5673
43 6 5674
12 25 5675
65 56 5676
68 27 5677
30 31 5678
9 9 5679
16 11 5680
12 51 5681
16 41 5682
65 4 5683
8 1 5684
9 46 5685
28 44 5686
69 48 5687
41 2 5688
61 37 5689
45 65 5690
46 26 5691
5 54 5692
42 62 5693
17 68 5694
18 33 5695
55 18 5696
25 25 5697
37 42 5698
22 57 5699
3 53 5700
36 65 5701
22 32 5702
1 3 5703
69 47 5704
63 16 5705
70 21 5706
37 38 5707
20 6 5708
8 62 5709
9 8 5710
53 39 5711
49 32 5712
38 21 5713
29 66 5714
8 50 5715
57 2 5716
25 49 5717
34 26 5718
29 26 5719
45 41 5720
25 13 5721
29 19 5722
35 29 5723
41 55 5724
24 22 5725
8 54 5726
2 66 5727
18 61 5728
24 55 5729
1 65 5730
13 34 5731
35 51 5732
28 23 5733
53 53 5734
45 34 5735
39 1 5736
32 5 5737
10 52 5738
53 30 5739
14 18 5740
54 57 5741
22 56 5742
68 44 5743
16 19 5744
34 52 5745
4 55 5746
61 15 5747
15 34 5748
2 41 5749
28 48 5750
46 47 5751
44 33 5752
15 38 5753
56 11 5754
16 36 5755
65 9 5756
9 24 5757
26 45 5758
68 65 5759
69 26 5760
20 14 5761
31 35 5762
50 61 5763
52 37 5764
58 34 5765
31 63 5766
11 51 5767
51 40 5768
55 53 5769
6 26 5770
18 55 5771
51 21 5772
10 32 5773
27 15 5774
62 5 5775
22 15 5776
19 38 5777
10 23 5778
36 68 5779
23 39 5780
60 7 5781
39 24 5782
20 10 5783
9 9 5784
26 33 5785
36 46 5786
35 43 5787
11 47 5788
33 60 5789
1 11 5790
54 6 5791
10 56 5792
5 6 5793
25 12 5794
64 21 5795
4 5 5796
42 55 5797
37 6 5798
14 51 5799
4 66 5800
66 34 5801
46 27 5802
36 23 5803
49 31 5804
34 54 5805
26 55 5806
61 55 5807
47 60 5808
70 64 5809
60 30 5810
34 63 5811
9 63 5812
28 29 5813
3 43 5814
42 58 5815
16 29 5816
14 46 5817
57 17 5818
61 33 5819
33 15 5820
22 48 5821
15 63 5822
34 18 5823
48 31 5824
45 8 5825
2 49 5826
32 42 5827
64 38 5828
65 19 5829
47 37 5830
28 41 5831
54 37 5832
48 48 5833
62 13 5834
65 36 5835
12 20 5836
22 67 5837
11 55 5838
23 25 5839
7 16 5840
7 29 5841
36 13 5842
5 42 5843
50 1 5844
68 44 5845
23 37 5846
44 48 5847
46 59 5848
5 7 5849
15 1 5850
21 15 5851
13 17 5852
36 59 5853
64 4 5854
4 21 5855
38 42 5856
70 15 5857
4 30 5858
26 37 5859
52 24 5860
49 13 5861
38 32 5862
64 58 5863
25 14 5864
40 42 5865
38 17 5866
25 12 5867
40 41 5868
48 49 5869
16 26 5870
24 45 5871
56 23 5872
14 1 5873
16 66 5874
67 58 5875
20 60 5876
63 8 5877
69 47 5878
55 1 5879
56 39 5880
67 41 5881
31 8 5882
11 35 5883
33 50 5884
59 65 5885
6 33 5886
50 9 5887
58 55 5888
6 67 5889
39 2 5890
27 48 5891
33 21 5892
13 47 5893
14 20 5894
70 31 5895
13 32 5896
20 31 5897
19 10 5898
8 7 5899
53 56 5900
36 20 5901
65 40 5902
38 67 5903
44 46 5904
57 68 5905
40 23 5906
44 1 5907
35 14 5908
45 31 5909
16 10 5910
46 43 5911
30 25 5912
45 59 5913
5 10 5914
33 67 5915
1 50 5916
29 8 5917
39 1 5918
4 40 5919
4 24 5920
8 21 5921
5 3 5922
60 19 5923
62 14 5924
23 38 5925
22 63 5926
47 49 5927
47 38 5928
9 63 5929
44 66 5930
10 10 5931
63 12 5932
52 16 5933
46 65 5934
41 17 5935
21 65 5936
11 42 5937
13 59 5938
33 19 5939
31 26 5940
63 62 5941
4 32 5942
37 9 5943
25 10 5944
27 19 5945
52 28 5946
3 27 5947
55 69 5948
68 58 5949
17 51 5950
16 49 5951
64 44 5952
38 53 5953
34 46 5954
57 57 5955
43 34 5956
70 1 5957
36 6 5958
33 33 5959
41 49 5960
4 59 5961
41 45 5962
7 33 5963
70 46 5964
52 27 5965
61 5 5966
27 42 5967
3 64 5968
45 58 5969
52 14 5970
20 1 5971
35 17 5972
39 28 5973
56 69 5974
11 11 5975
13 58 5976
70 67 5977
2 48 5978
30 42 5979
52 58 5980
64 49 5981
20 56 5982
55 51 5983
70 12 5984
17 27 5985
12 65 5986
23 33 5987
1 3 5988
36 40 5989
7 12 5990
14 34 5991
16 64 5992
51 41 5993
21 6 5994
4 19 5995
15 44 5996
66 34 5997
46 14 5998
40 1 5999
64 9 6000
67 9 6001
49 54 6002
70 34 6003
67 40 6004
50 12 6005
54 5 6006
18 61 6007
49 30 6008
48 37 6009
41 33 6010
13 17 6011
65 11 6012
23 61 6013
10 3 6014
12 7 6015
10 62 6016
23 59 6017
46 11 6018
21 61 6019
27 33 6020
57 31 6021
3 40 6022
41 9 6023
42 64 6024
61 37 6025
69 19 6026
61 49 6027
68 19 6028
8 69 6029
41 67 6030
36 31 6031
24 12 6032
51 5 6033
65 29 6034
23 38 6035
52 31 6036
1 63 6037
69 23 6038
67 53 6039
53 9 6040
29 41 6041
5 55 6042
62 36 6043
10 18 6044
31 19 6045
23 6 6046
43 6 6047
35 67 6048
66 63 6049
34 46 6050
23 43 6051
9 51 6052
52 44 6053
61 66 6054
4 45 6055
11 27 6056
35 61 6057
69 65 6058
29 42 6059
16 35 6060
66 7 6061
66 29 6062
1 19 6063
45 51 6064
31 41 6065
59 61 6066
67 57 6067
70 28 6068
4 57 6069
33 8 6070
40 28 6071
60 21 6072
13 35 6073
46 30 6074
5 30 6075
59 13 6076
14 42 6077
51 61 6078
26 50 6079
28 43 6080
50 11 6081
39 65 6082
8 1 6083
18 32 6084
61 1 6085
55 38 6086
56 66 6087
30 43 6088
15 50 6089
41 55 6090
28 59 6091
27 69 6092
40 69 6093
37 32 6094
67 48 6095
31 2 6096
51 26 6097
55 60 6098
24 36 6099
5 51 6100
64 32 6101
29 19 6102
48 56 6103
3 30 6104
26 33 6105
14 2 6106
24 63 6107
34 60 6108
26 14 6109
42 35 6110
39 16 6111
43 69 6112
69 37 6113
19 21 6114
5 33 6115
61 33 6116
21 55 6117
14 29 6118
29 10 6119
49 27 6120
16 34 6121
51 44 6122
6 51 6123
55 21 6124
26 56 6125
58 44 6126
34 7 6127
2 45 6128
63 42 6129
23 13 6130
28 9 6131
28 34 6132
33 9 6133
15 43 6134
53 55 6135
58 52 6136
61 28 6137
34 30 6138
22 29 6139
37 69 6140
19 57 6141
28 62 6142
66 64 6143
38 47 6144
25 56 6145
24 47 6146
16 20 6147
48 19 6148
32 21 6149
2 55 6150
53 21 6151
13 5 6152
3 43 6153
54 56 6154
21 38 6155
12 25 6156
19 69 6157
13 69 6158
34 48 6159
48 61 6160
22 68 6161
19 6 6162
16 68 6163
49 49 6164
50 36 6165
48 69 6166
48 7 6167
6 54 6168
12 11 6169
62 63 6170
54 21 6171
34 29 6172
11 15 6173
33 5 6174
17 19 6175
25 50 6176
46 40 6177
24 30 6178
34 7 6179
66 65 6180
7 25 6181
62 8 6182
7 4 6183
68 39 6184
14 67 6185
1 15 6186
67 44 6187
46 33 6188
44 19 6189
60 10 6190
3 25 6191
1 52 6192
63 26 6193
44 4 6194
38 60 6195
49 52 6196
67 48 6197
22 15 6198
55 66 6199
40 6 6200
56 62 6201
11 60 6202
44 52 6203
70 44 6204
54 1 6205
61 42 6206
52 59 6207
32 43 6208
6 16 6209
47 61 6210
68 25 6211
34 26 6212
46 10 6213
52 23 6214
3 8 6215
62 67 6216
34 11 6217
62 28 6218
34 61 6219
45 45 6220
39 3 6221
11 68 6222
13 57 6223
50 1 6224
52 57 6225
65 10 6226
63 42 6227
14 3 6228
41 41 6229
34 49 6230
5 11 6231
36 20 6232
1 58 6233
25 17 6234
24 22 6235
2 48 6236
22 12 6237
30 24 6238
17 11 6239
23 11 6240
30 60 6241
35 60 6242
70 46 6243
24 3 6244
66 57 6245
3 45 6246
38 58 6247
55 54 6248
62 14 6249
32 11 6250
32 7 6251
35 1 6252
20 66 6253
28 9 6254
8 21 6255
3 24 6256
41 2 6257
64 18 6258
15 52 6259
34 39 6260
3 65 6261
8 69 6262
43 56 6263
43 19 6264
37 35 6265
4 40 6266
28 24 6267
16 20 6268
61 56 6269
64 44 6270
16 57 6271
69 24 6272
48 7 6273
5 60 6274
59 33 6275
3 32 6276
1 39 6277
5 20 6278
66 21 6279
68 25 6280
34 50 6281
32 63 6282
65 2 6283
64 15 6284
37 12 6285
45 36 6286
62 27 6287
21 12 6288
48 67 6289
6 2 6290
36 37 6291
64 66 6292
37 40 6293
11 14 6294
27 52 6295
22 66 6296
30 5 6297
52 12 6298
31 48 6299
56 29 6300
2 2 6301
37 49 6302
19 23 6303
37 50 6304
17 59 6305
29 5 6306
34 53 6307
37 21 6308
35 60 6309
31 68 6310
8 16 6311
41 61 6312
69 10 6313
18 19 6314
25 11 6315
42 18 6316
54 8 6317
68 36 6318
26 11 6319
40 41 6320
42 54 6321
56 22 6322
48 8 6323
24 17 6324
62 38 6325
25 5 6326
22 46 6327
39 67 6328
69 36 6329
55 64 6330
52 59 6331
22 3 6332
35 60 6333
67 58 6334
18 57 6335
45 62 6336
43 9 6337
34 60 6338
41 68 6339
27 31 6340
59 51 6341
61 21 6342
68 32 6343
47 51 6344
18 19 6345
70 32 6346
17 35 6347
49 56 6348
31 35 6349
57 13 6350
18 27 6351
20 57 6352
56 28 6353
4 46 6354
28 9 6355
31 50 6356
56 5 6357
11 58 6358
8 24 6359
41 10 6360
56 45 6361
17 19 6362
33 32 6363
38 47 6364
31 2 6365
6 17 6366
49 4 6367
23 49 6368
14 66 6369
16 39 6370
23 6 6371
51 53 6372
53 58 6373
42 50 6374
27 16 6375
12 59 6376
19 41 6377
38 42 6378
33 12 6379
51 50 6380
26 59 6381
54 38 6382
7 50 6383
57 37 6384
34 68 6385
18 13 6386
6 36 6387
5 63 6388
68 57 6389
1 26 6390
66 57 6391
7 51 6392
6 61 6393
53 57 6394
8 28 6395
50 56 6396
64 61 6397
6 14 6398
50 56 6399
41 33 6400
14 56 6401
33 54 6402
21 64 6403
42 30 6404
52 64 6405
62 43 6406
27 4 6407
64 51 6408
59 1 6409
49 43 6410
60 4 6411
44 2 6412
63 52 6413
47 44 6414
27 34 6415
1 42 6416
2 34 6417
58 20 6418
49 5 6419
64 32 6420
58 43 6421
32 51 6422
38 46 6423
57 42 6424
37 45 6425
39 49 6426
47 60 6427
22 61 6428
46 17 6429
5 20 6430
3 17 6431
49 35 6432
43 6 6433
7 48 6434
35 59 6435
31 36 6436
46 25 6437
12 4 6438
10 64 6439
24 36 6440
17 65 6441
4 29 6442
10 6 6443
46 5 6444
40 20 6445
24 18 6446
44 32 6447
32 59 6448
36 50 6449
19 67 6450
23 13 6451
19 59 6452
55 49 6453
34 23 6454
21 15 6455
44 55 6456
65 7 6457
34 33 6458
27 46 6459
64 52 6460
13 21 6461
63 41 6462
33 46 6463
9 65 6464
29 33 6465
18 65 6466
55 69 6467
34 33 6468
9 65 6469
28 32 6470
61 12 6471
10 56 6472
31 1 6473
15 47 6474
13 67 6475
9 46 6476
67 40 6477
59 50 6478
30 24 6479
6 45 6480
57 68 6481
48 67 6482
16 45 6483
20 61 6484
6 34 6485
42 29 6486
54 62 6487
70 36 6488
8 4 6489
24 21 6490
59 23 6491
27 65 6492
59 55 6493
18 29 6494
23 10 6495
55 69 6496
4 18 6497
10 55 6498
53 53 6499
18 66 6500
58 28 6501
37 5 6502
16 48 6503
51 9 6504
14 25 6505
5 47 6506
27 37 6507
53 5 6508
64 14 6509
10 66 6510
59 37 6511
47 30 6512
14 7 6513
49 28 6514
70 12 6515
68 49 6516
47 59 6517
34 56 6518
65 56 6519
8 42 6520
14 11 6521
17 46 6522
33 6 6523
2 32 6524
26 60 6525
52 67 6526
23 46 6527
35 57 6528
70 37 6529
4 50 6530
12 4 6531
48 68 6532
31 9 6533
41 61 6534
66 47 6535
17 2 6536
29 14 6537
5 62 6538
48 54 6539
17 21 6540
13 47 6541
3 28 6542
29 63 6543
25 3 6544
25 46 6545
43 43 6546
6 20 6547
9 16 6548
49 8 6549
5 31 6550
15 16 6551
64 53 6552
50 4 6553
59 57 6554
61 67 6555
39 9 6556
52 13 6557
45 67 6558
53 69 6559
46 34 6560
26 53 6561
10 32 6562
39 36 6563
22 50 6564
63 17 6565
49 40 6566
57 37 6567
42 54 6568
56 57 6569
45 9 6570
42 42 6571
47 22 6572
44 26 6573
12 26 6574
36 19 6575
42 46 6576
32 33 6577
19 2 6578
48 14 6579
47 62 6580
42 39 6581
1 11 6582
58 29 6583
45 4 6584
8 29 6585
60 34 6586
47 29 6587
10 63 6588
43 11 6589
69 48 6590
49 44 6591
15 50 6592
2 42 6593
69 69 6594
42 1 6595
19 58 6596
18 48 6597
33 51 6598
18 33 6599
33 35 6600
35 15 6601
47 3 6602
21 58 6603
20 28 6604
17 54 6605
33 61 6606
62 13 6607
6 27 6608
51 47 6609
29 33 6610
67 11 6611
44 26 6612
7 49 6613
13 53 6614
55 3 6615
12 34 6616
23 56 6617
20 27 6618
63 13 6619
67 18 6620
45 45 6621
8 40 6622
47 30 6623
52 46 6624
15 27 6625
63 16 6626
18 32 6627
16 64 6628
3 37 6629
52 13 6630
11 9 6631
34 27 6632
64 42 6633
27 47 6634
25 19 6635
6 45 6636
66 14 6637
8 69 6638
67 33 6639
19 38 6640
23 20 6641
19 27 6642
51 1 6643
31 5 6644
14 3 6645
41 3 6646
10 51 6647
9 8 6648
59 56 6649
7 36 6650
51 32 6651
24 39 6652
24 65 6653
48 31 6654
27 50 6655
59 42 6656
41 31 6657
14 48 6658
56 35 6659
29 3 6660
38 21 6661
44 2 6662
59 25 6663
46 66 6664
32 48 6665
14 31 6666
18 16 6667
31 54 6668
67 27 6669
61 24 6670
55 32 6671
57 52 6672
17 56 6673
57 28 6674
54 68 6675
28 54 6676
28 41 6677
50 28 6678
8 17 6679
53 57 6680
56 62 6681
22 33 6682
62 68 6683
15 10 6684
56 49 6685
37 7 6686
5 36 6687
24 23 6688
48 25 6689
40 28 6690
32 43 6691
19 16 6692
6 65 6693
14 41 6694
66 20 6695
45 1 6696
54 60 6697
55 25 6698
47 25 6699
9 35 6700
7 48 6701
50 21 6702
60 34 6703
57 51 6704
69 40 6705
24 60 6706
66 40 6707
54 58 6708
55 28 6709
26 39 6710
4 58 6711
57 43 6712
28 24 6713
59 35 6714
57 36 6715
31 35 6716
29 39 6717
48 8 6718
35 23 6719
61 35 6720
4 47 6721
33 4 6722
7 26 6723
56 2 6724
55 65 6725
28 43 6726
52 39 6727
37 1 6728
18 28 6729
30 60 6730
26 63 6731
14 18 6732
9 15 6733
3 60 6734
48 11 6735
23 50 6736
25 11 6737
37 18 6738
19 37 6739
3 51 6740
56 55 6741
58 26 6742
6 54 6743
41 46 6744
64 2 6745
13 59 6746
12 25 6747
19 7 6748
1 60 6749
1 9 6750
37 41 6751
32 7 6752
31 27 6753
68 64 6754
20 7 6755
43 16 6756
21 19 6757
61 5 6758
40 59 6759
60 10 6760
49 35 6761
70 33 6762
48 49 6763
46 17 6764
25 5 6765
38 31 6766
69 68 6767
32 8 6768
39 38 6769
26 63 6770
24 32 6771
21 1 6772
69 36 6773
28 54 6774
5 56 6775
4 19 6776
52 32 6777
8 26 6778
45 66 6779
57 20 6780
68 54 6781
35 6 6782
67 65 6783
68 24 6784
15 58 6785
69 65 6786
37 2 6787
64 30 6788
13 37 6789
39 42 6790
2 16 6791
49 52 6792
70 11 6793
22 62 6794
15 13 6795
43 68 6796
47 32 6797
5 26 6798
21 8 6799
32 58 6800
10 34 6801
18 41 6802
5 58 6803
7 17 6804
15 46 6805
35 22 6806
13 14 6807
31 8 6808
53 64 6809
70 4 6810
64 59 6811
53 68 6812
14 55 6813
28 22 6814
57 29 6815
46 26 6816
70 19 6817
65 6 6818
15 23 6819
46 56 6820
23 17 6821
11 51 6822
49 63 6823
10 31 6824
21 30 6825
46 28 6826
29 42 6827
15 42 6828
43 65 6829
2 23 6830
70 24 6831
61 11 6832
37 63 6833
28 34 6834
35 52 6835
15 53 6836
35 37 6837
59 23 6838
63 58 6839
68 46 6840
25 69 6841
9 14 6842
66 36 6843
57 48 6844
3 12 6845
16 30 6846
51 8 6847
58 52 6848
2 24 6849
22 68 6850
17 61 6851
22 50 6852
28 25 6853
21 17 6854
59 21 6855
24 42 6856
31 59 6857
66 52 6858
22 67 6859
70 69 6860
29 53 6861
69 49 6862
60 49 6863
45 20 6864
38 49 6865
68 14 6866
50 47 6867
6 44 6868
33 19 6869
53 2 6870
61 64 6871
66 3 6872
26 62 6873
7 69 6874
38 49 6875
17 42 6876
41 31 6877
37 24 6878
51 21 6879
58 52 6880
51 15 6881
12 63 6882
3 57 6883
48 16 6884
12 42 6885
12 66 6886
48 65 6887
57 5 6888
27 60 6889
64 23 6890
32 65 6891
42 39 6892
59 51 6893
32 30 6894
65 44 6895
12 61 6896
61 33 6897
56 8 6898
54 54 6899
18 66 6900
40 35 6901
63 10 6902
64 3 6903
58 6 6904
62 38 6905
16 10 6906
6 10 6907
37 6 6908
48 27 6909
29 30 6910
53 4 6911
6 42 6912
40 14 6913
5 16 6914
2 28 6915
33 46 6916
22 37 6917
48 21 6918
35 65 6919
45 63 6920
67 50 6921
33 67 6922
7 11 6923
65 13 6924
45 59 6925
57 58 6926
29 66 6927
4 26 6928
34 42 6929
36 35 6930
67 17 6931
5 26 6932
18 6 6933
24 17 6934
29 64 6935
28 57 6936
51 39 6937
41 29 6938
46 68 6939
67 55 6940
48 8 6941
50 38 6942
60 61 6943
46 31 6944
41 5 6945
13 13 6946
25 59 6947
64 23 6948
32 60 6949
28 29 6950
60 61 6951
51 1 6952
28 60 6953
10 50 6954
59 49 6955
39 29 6956
15 41 6957
34 31 6958
46 25 6959
63 23 6960
20 22 6961
41 13 6962
50 12 6963
28 45 6964
60 17 6965
50 6 6966
28 64 6967
21 44 6968
2 20 6969
28 38 6970
52 38 6971
25 17 6972
61 65 6973
36 8 6974
49 36 6975
38 46 6976
9 36 6977
54 10 6978
70 3 6979
23 52 6980
9 50 6981
2 47 6982
70 67 6983
53 39 6984
47 23 6985
25 43 6986
24 49 6987
8 35 6988
9 11 6989
67 52 6990
62 17 6991
1 69 6992
24 11 6993
52 9 6994
29 53 6995
67 54 6996
44 19 6997
70 36 6998
66 6 6999
22 30 7000
39 18 7001
48 36 7002
51 23 7003
6 26 7004
53 40 7005
67 22 7006
38 18 7007
47 6 7008
70 18 7009
53 47 7010
4 57 7011
21 50 7012
29 43 7013
25 21 7014
41 66 7015
22 43 7016
54 26 7017
27 8 7018
4 5 7019
58 22 7020
13 27 7021
54 46 7022
69 63 7023
18 29 7024
54 2 7025
51 4 7026
63 17 7027
29 61 7028
51 27 7029
18 17 7030
33 55 7031
37 22 7032
43 42 7033
7 32 7034
34 64 7035
41 8 7036
66 31 7037
61 9 7038
3 13 7039
42 10 7040
26 8 7041
14 16 7042
32 29 7043
33 26 7044
26 3 7045
55 11 7046
58 2 7047
6 7 7048
48 12 7049
29 57 7050
58 55 7051
20 61 7052
53 13 7053
69 14 7054
23 30 7055
62 38 7056
56 69 7057
23 50 7058
12 4 7059
56 37 7060
32 15 7061
55 26 7062
50 68 7063
25 37 7064
22 23 7065
37 65 7066
19 50 7067
66 53 7068
26 1 7069
2 46 7070
24 48 7071
37 6 7072
67 29 7073
52 61 7074
26 46 7075
11 10 7076
9 22 7077
59 68 7078
33 34 7079
33 49 7080
22 23 7081
35 50 7082
60 22 7083
38 6 7084
31 40 7085
70 32 7086
56 34 7087
23 11 7088
8 22 7089
57 13 7090
10 45 7091
18 39 7092
1 31 7093
51 34 7094
27 34 7095
68 14 7096
16 34 7097
40 69 7098
62 4 7099
33 40 7100
25 6 7101
14 25 7102
47 21 7103
66 55 7104
47 11 7105
55 36 7106
31 5 7107
12 31 7108
42 35 7109
1 59 7110
27 37 7111
42 34 7112
60 55 7113
69 25 7114
49 17 7115
19 1 7116
17 19 7117
47 61 7118
22 40 7119
29 44 7120
21 53 7121
17 39 7122
45 1 7123
59 64 7124
51 3 7125
69 64 7126
49 29 7127
55 32 7128
5 46 7129
68 48 7130
43 68 7131
26 43 7132
49 40 7133
3 29 7134
68 39 7135
13 9 7136
56 65 7137
69 30 7138
64 35 7139
57 21 7140
8 29 7141
62 2 7142
64 19 7143
47 63 7144
69 1 7145
5 1 7146
27 10 7147
23 7 7148
17 43 7149
60 65 7150
33 38 7151
60 45 7152
6 17 7153
9 36 7154
44 62 7155
38 53 7156
68 31 7157
59 48 7158
43 44 7159
50 14 7160
70 60 7161
7 12 7162
33 68 7163
41 42 7164
10 34 7165
23 17 7166
45 66 7167
20 59 7168
26 69 7169
32 30 7170
3 15 7171
50 20 7172
21 37 7173
26 53 7174
24 19 7175
11 29 7176
54 46 7177
30 5 7178
12 43 7179
6 10 7180
29 42 7181
69 65 7182
65 23 7183
4 47 7184
31 49 7185
15 52 7186
7 16 7187
67 8 7188
57 46 7189
58 3 7190
67 54 7191
14 10 7192
13 17 7193
58 35 7194
55 49 7195
42 24 7196
20 58 7197
48 44 7198
62 5 7199
37 3 7200
3 62 7201
50 13 7202
29 60 7203
34 28 7204
56 4 7205
4 25 7206
4 5 7207
30 33 7208
47 58 7209
41 26 7210
4 1 7211
50 24 7212
55 50 7213
34 28 7214
32 15 7215
42 45 7216
44 47 7217
70 12 7218
59 17 7219
61 46 7220
40 52 7221
24 28 7222
34 40 7223
26 8 7224
19 2 7225
3 64 7226
1 13 7227
25 65 7228
11 56 7229
52 30 7230
29 13 7231
36 15 7232
46 3 7233
61 32 7234
55 55 7235
5 40 7236
27 63 7237
30 52 7238
54 16 7239
24 69 7240
33 65 7241
60 52 7242
23 58 7243
3 19 7244
32 4 7245
9 36 7246
14 19 7247
48 18 7248
55 57 7249
61 49 7250
68 34 7251
12 9 7252
20 68 7253
2 1 7254
16 12 7255
68 50 7256
38 28 7257
35 11 7258
31 50 7259
44 13 7260
47 39 7261
47 37 7262
56 52 7263
3 2 7264
5 59 7265
28 45 7266
43 37 7267
42 40 7268
65 29 7269
31 7 7270
33 52 7271
25 63 7272
61 19 7273
68 23 7274
21 47 7275
33 59 7276
41 67 7277
10 56 7278
32 35 7279
49 64 7280
27 13 7281
58 38 7282
16 47 7283
52 58 7284
2 34 7285
2 47 7286
70 19 7287
65 67 7288
28 68 7289
36 62 7290
55 59 7291
4 24 7292
12 39 7293
29 16 7294
33 8 7295
47 10 7296
11 31 7297
15 30 7298
58 19 7299
63 41 7300
6 22 7301
27 57 7302
63 26 7303
48 17 7304
43 35 7305
24 58 7306
26 53 7307
32 37 7308
34 65 7309
53 51 7310
44 31 7311
11 41 7312
39 53 7313
70 30 7314
7 14 7315
26 28 7316
34 23 7317
63 26 7318
4 24 7319
14 2 7320
67 50 7321
10 53 7322
41 16 7323
2 30 7324
46 7 7325
4 14 7326
12 44 7327
3 19 7328
56 42 7329
7 49 7330
49 64 7331
29 25 7332
24 34 7333
57 17 7334
15 1 7335
53 35 7336
40 65 7337
60 63 7338
60 13 7339
46 31 7340
15 36 7341
50 43 7342
49 40 7343
62 3 7344
41 49 7345
8 46 7346
69 57 7347
50 19 7348
63 61 7349
43 22 7350
21 37 7351
67 26 7352
59 58 7353
37 14 7354
55 36 7355
18 51 7356
67 33 7357
30 50 7358
57 60 7359
19 56 7360
50 9 7361
36 31 7362
2 14 7363
9 5 7364
46 32 7365
23 3 7366
13 13 7367
69 11 7368
17 52 7369
58 63 7370
70 23 7371
3 24 7372
36 67 7373
49 42 7374
3 68 7375
14 23 7376
25 23 7377
70 5 7378
15 30 7379
63 67 7380
51 49 7381
63 63 7382
34 3 7383
67 28 7384
37 10 7385
3 39 7386
42 39 7387
66 60 7388
26 11 7389
9 36 7390
4 24 7391
47 53 7392
57 54 7393
70 20 7394
58 43 7395
17 49 7396
32 69 7397
32 5 7398
66 11 7399
38 37 7400
40 46 7401
12 34 7402
24 50 7403
31 46 7404
33 53 7405
16 22 7406
8 22 7407
23 57 7408
43 23 7409
32 8 7410
19 49 7411
49 43 7412
55 10 7413
13 44 7414
25 62 7415
19 13 7416
35 24 7417
10 59 7418
3 28 7419
4 51 7420
5 14 7421
47 65 7422
30 31 7423
63 58 7424
9 8 7425
39 29 7426
32 47 7427
20 61 7428
69 63 7429
54 67 7430
10 45 7431
24 66 7432
41 3 7433
43 38 7434
31 42 7435
6 52 7436
56 47 7437
19 62 7438
20 50 7439
17 18 7440
16 26 7441
44 44 7442
34 53 7443
16 14 7444
35 8 7445
68 44 7446
13 45 7447
21 60 7448
18 19 7449
7 15 7450
36 51 7451
10 67 7452
65 50 7453
52 53 7454
56 65 7455
23 27 7456
30 29 7457
1 68 7458
52 24 7459
17 39 7460
69 34 7461
24 30 7462
9 5 7463
12 21 7464
30 16 7465
20 7 7466
33 52 7467
44 25 7468
61 6 7469
40 20 7470
67 5 7471
58 26 7472
15 21 7473
21 33 7474
4 43 7475
11 51 7476
34 4 7477
54 49 7478
8 9 7479
38 20 7480
56 57 7481
4 24 7482
27 41 7483
66 4 7484
50 8 7485
40 19 7486
44 38 7487
13 41 7488
46 21 7489
70 48 7490
49 29 7491
10 21 7492
45 34 7493
46 25 7494
4 61 7495
22 37 7496
64 14 7497
55 24 7498
66 15 7499
47 58 7500
6 47 7501
53 29 7502
5 48 7503
8 31 7504
64 28 7505
50 43 7506
23 50 7507
68 44 7508
54 35 7509
38 24 7510
13 27 7511
15 35 7512
1 28 7513
62 25 7514
64 65 7515
51 58 7516
58 42 7517
7 20 7518
26 47 7519
58 57 7520
69 50 7521
33 52 7522
12 12 7523
6 13 7524
17 60 7525
27 68 7526
69 3 7527
17 57 7528
26 38 7529
47 20 7530
70 35 7531
39 34 7532
47 29 7533
44 40 7534
64 44 7535
23 63 7536
45 25 7537
49 26 7538
1 64 7539
48 37 7540
10 67 7541
62 69 7542
38 59 7543
24 61 7544
63 13 7545
65 56 7546
58 2 7547
70 3 7548
43 59 7549
35 51 7550
34 19 7551
41 30 7552
37 16 7553
34 66 7554
51 12 7555
70 61 7556
4 13 7557
33 29 7558
19 57 7559
9 48 7560
26 60 7561
13 47 7562
31 2 7563
12 40 7564
30 56 7565
45 4 7566
34 9 7567
15 67 7568
18 29 7569
41 6 7570
47 69 7571
39 16 7572
32 68 7573
53 52 7574
16 4 7575
60 4 7576
7 28 7577
27 41 7578
30 19 7579
37 36 7580
69 43 7581
36 25 7582
38 23 7583
14 56 7584
9 19 7585
38 12 7586
19 7 7587
10 35 7588
70 4 7589
21 27 7590
46 21 7591
34 53 7592
45 58 7593
13 21 7594
9 36 7595
45 10 7596
25 29 7597
4 4 7598
35 61 7599
50 19 7600
65 37 7601
43 41 7602
49 10 7603
67 11 7604
15 7 7605
67 4 7606
68 69 7607
57 57 7608
9 58 7609
60 39 7610
22 40 7611
6 37 7612
22 28 7613
32 65 7614
42 28 7615
27 69 7616
27 7 7617
63 59 7618
51 49 7619
59 19 7620
55 13 7621
55 30 7622
12 38 7623
18 9 7624
12 27 7625
7 3 7626
12 56 7627
60 39 7628
30 46 7629
41 4 7630
17 37 7631
64 28 7632
50 46 7633
63 43 7634
10 17 7635
45 38 7636
34 34 7637
41 24 7638
26 16 7639
32 48 7640
34 33 7641
56 27 7642
36 63 7643
59 51 7644
36 8 7645
1 1 7646
52 14 7647
16 67 7648
30 56 7649
13 5 7650
31 35 7651
32 49 7652
66 14 7653
6 36 7654
52 57 7655
36 39 7656
53 25 7657
5 27 7658
2 9 7659
62 9 7660
39 6 7661
30 17 7662
36 24 7663
25 7 7664
44 28 7665
60 37 7666
46 7 7667
69 44 7668
43 55 7669
49 29 7670
3 56 7671
15 14 7672
46 2 7673
5 26 7674
20 52 7675
28 54 7676
49 13 7677
51 38 7678
64 5 7679
55 6 7680
36 3 7681
36 11 7682
50 54 7683
25 41 7684
37 66 7685
52 10 7686
70 22 7687
48 17 7688
69 60 7689
42 64 7690
19 10 7691
19 1 7692
66 67 7693
27 61 7694
54 29 7695
58 49 7696
52 20 7697
41 22 7698
41 18 7699
46 23 7700
27 47 7701
24 64 7702
47 22 7703
27 54 7704
33 56 7705
40 30 7706
47 19 7707
29 44 7708
49 55 7709
58 31 7710
38 47 7711
60 22 7712
19 45 7713
14 45 7714
45 11 7715
21 37 7716
43 18 7717
46 7 7718
7 67 7719
33 6 7720
59 17 7721
3 40 7722
46 34 7723
13 14 7724
25 69 7725
40 28 7726
53 3 7727
3 45 7728
36 44 7729
58 21 7730
21 24 7731
52 61 7732
24 51 7733
66 50 7734
61 8 7735
15 52 7736
27 21 7737
61 3 7738
14 43 7739
60 45 7740
42 3 7741
56 60 7742
24 66 7743
51 5 7744
15 12 7745
51 59 7746
62 22 7747
38 21 7748
46 51 7749
22 38 7750
25 26 7751
29 22 7752
37 14 7753
62 19 7754
27 44 7755
62 58 7756
68 45 7757
29 3 7758
1 58 7759
5 61 7760
42 10 7761
3 56 7762
65 9 7763
19 49 7764
57 58 7765
44 10 7766
15 6 7767
17 51 7768
2 17 7769
3 37 7770
51 16 7771
45 15 7772
20 44 7773
39 27 7774
40 50 7775
44 33 7776
18 20 7777
26 17 7778
15 12 7779
41 6 7780
15 21 7781
69 3 7782
65 15 7783
70 67 7784
4 30 7785
17 62 7786
53 50 7787
20 60 7788
61 34 7789
28 49 7790
30 26 7791
30 11 7792
60 8 7793
30 37 7794
55 48 7795
63 54 7796
14 9 7797
34 31 7798
26 30 7799
12 5 7800
31 25 7801
20 5 7802
18 15 7803
63 46 7804
13 9 7805
61 51 7806
36 39 7807
22 44 7808
44 6 7809
21 53 7810
12 13 7811
62 50 7812
8 65 7813
3 11 7814
29 29 7815
41 32 7816
57 62 7817
16 14 7818
24 3 7819
51 57 7820
60 14 7821
5 48 7822
26 33 7823
56 67 7824
47 14 7825
58 61 7826
40 32 7827
13 47 7828
4 44 7829
69 2 7830
56 25 7831
9 60 7832
64 62 7833
22 50 7834
15 6 7835
25 40 7836
41 61 7837
48 62 7838
6 61 7839
46 16 7840
57 40 7841
53 43 7842
66 7 7843
44 11 7844
12 31 7845
11 36 7846
52 12 7847
10 36 7848
28 33 7849
66 69 7850
26 45 7851
27 62 7852
70 26 7853
22 2 7854
31 63 7855
35 21 7856
38 42 7857
16 45 7858
28 62 7859
3 52 7860
50 10 7861
3 47 7862
4 37 7863
58 61 7864
18 56 7865
59 62 7866
53 58 7867
63 52 7868
60 24 7869
70 59 7870
26 27 7871
38 23 7872
23 49 7873
70 52 7874
58 31 7875
66 34 7876
19 49 7877
9 35 7878
58 43 7879
40 61 7880
38 6 7881
18 23 7882
5 22 7883
62 19 7884
60 18 7885
19 34 7886
35 45 7887
9 12 7888
41 64 7889
26 21 7890
1 25 7891
2 65 7892
56 12 7893
13 48 7894
66 53 7895
68 23 7896
63 53 7897
25 21 7898
49 62 7899
53 29 7900
58 38 7901
43 16 7902
13 48 7903
50 29 7904
35 6 7905
68 64 7906
12 69 7907
70 18 7908
41 59 7909
56 37 7910
57 52 7911
13 22 7912
56 55 7913
44 15 7914
35 56 7915
50 52 7916
34 54 7917
18 24 7918
44 29 7919
42 10 7920
56 24 7921
43 5 7922
15 41 7923
26 51 7924
51 38 7925
33 35 7926
15 40 7927
34 19 7928
43 58 7929
60 45 7930
49 15 7931
65 45 7932
27 33 7933
21 48 7934
38 14 7935
58 6 7936
17 7 7937
45 6 7938
51 30 7939
27 64 7940
57 65 7941
4 41 7942
20 32 7943
31 28 7944
48 34 7945
49 65 7946
2 5 7947
3 12 7948
34 11 7949
17 2 7950
2 11 7951
60 33 7952
45 13 7953
26 8 7954
20 66 7955
29 8 7956
67 7 7957
12 7 7958
2 12 7959
28 21 7960
2 65 7961
21 6 7962
51 48 7963
61 27 7964
51 27 7965
58 40 7966
31 58 7967
10 13 7968
26 27 7969
25 34 7970
42 24 7971
2 36 7972
39 35 7973
60 8 7974
37 17 7975
51 13 7976
63 16 7977
48 26 7978
30 65 7979
7 60 7980
36 18 7981
40 33 7982
11 44 7983
41 38 7984
33 64 7985
69 14 7986
43 16 7987
20 50 7988
19 6 7989
64 42 7990
31 31 7991
61 33 7992
43 1 7993
16 49 7994
25 7 7995
19 30 7996
2 31 7997
44 69 7998
12 51 7999
14 32 8000
22 64 8001
30 49 8002
39 35 8003
65 2 8004
46 46 8005
32 60 8006
51 44 8007
63 35 8008
28 58 8009
61 27 8010
25 15 8011
24 19 8012
26 32 8013
27 20 8014
33 2 8015
69 57 8016
67 52 8017
24 13 8018
10 60 8019
25 54 8020
69 31 8021
58 6 8022
65 36 8023
66 57 8024
2 28 8025
46 10 8026
58 41 8027
31 10 8028
54 56 8029
1 1 8030
27 32 8031
17 2 8032
51 4 8033
11 45 8034
29 29 8035
55 19 8036
8 35 8037
35 54 8038
44 10 8039
54 16 8040
49 3 8041
64 39 8042
57 37 8043
6 33 8044
12 62 8045
60 18 8046
68 3 8047
30 43 8048
43 50 8049
63 39 8050
46 58 8051
45 13 8052
36 36 8053
60 46 8054
44 27 8055
35 1 8056
68 44 8057
65 8 8058
47 35 8059
29 57 8060
65 55 8061
49 30 8062
18 66 8063
2 57 8064
21 11 8065
22 43 8066
63 42 8067
65 61 8068
52 25 8069
1 8 8070
41 38 8071
24 10 8072
37 34 8073
65 38 8074
57 35 8075
13 23 8076
14 12 8077
11 9 8078
34 63 8079
20 68 8080
23 1 8081
43 41 8082
11 66 8083
8 40 8084
34 4 8085
43 16 8086
49 17 8087
47 9 8088
47 48 8089
41 26 8090
30 64 8091
58 28 8092
3 7 8093
10 21 8094
27 39 8095
37 62 8096
42 20 8097
68 47 8098
47 7 8099
47 51 8100
60 68 8101
27 4 8102
52 6 8103
47 41 8104
5 67 8105
39 10 8106
53 37 8107
22 60 8108
48 43 8109
58 60 8110
33 1 8111
37 36 8112
27 65 8113
57 8 8114
29 51 8115
30 15 8116
42 58 8117
29 13 8118
46 6 8119
9 6 8120
65 61 8121
30 18 8122
49 58 8123
3 47 8124
26 34 8125
20 67 8126
10 36 8127
62 59 8128
4 58 8129
61 4 8130
4 19 8131
60 7 8132
13 38 8133
53 60 8134
66 11 8135
51 10 8136
43 25 8137
3 1 8138
38 33 8139
47 60 8140
30 43 8141
29 33 8142
35 51 8143
21 25 8144
34 39 8145
3 35 8146
2 59 8147
2 33 8148
70 13 8149
41 29 8150
10 28 8151
59 5 8152
42 49 8153
40 17 8154
26 69 8155
48 24 8156
46 64 8157
23 57 8158
55 44 8159
21 60 8160
49 16 8161
5 18 8162
25 14 8163
56 7 8164
25 32 8165
8 65 8166
33 60 8167
35 19 8168
16 27 8169
25 6 8170
34 36 8171
45 54 8172
8 68 8173
56 25 8174
66 68 8175
44 31 8176
59 50 8177
32 34 8178
25 23 8179
54 28 8180
41 9 8181
11 4 8182
20 51 8183
48 49 8184
14 68 8185
39 13 8186
9 52 8187
21 12 8188
31 60 8189
7 35 8190
20 40 8191
64 41 8192
43 48 8193
62 22 8194
4 4 8195
16 40 8196
14 37 8197
8 34 8198
45 24 8199
23 10 8200
61 7 8201
20 47 8202
43 49 8203
14 66 8204
38 51 8205
55 17 8206
64 38 8207
41 67 8208
68 2 8209
1 30 8210
36 4 8211
67 20 8212
38 64 8213
60 38 8214
4 19 8215
56 64 8216
62 3 8217
36 28 8218
18 45 8219
38 11 8220
67 25 8221
56 34 8222
35 17 8223
53 34 8224
24 64 8225
12 22 8226
56 33 8227
62 5 8228
27 30 8229
70 26 8230
59 65 8231
2 13 8232
62 10 8233
55 20 8234
15 67 8235
10 23 8236
2 62 8237
18 54 8238
70 57 8239
2 64 8240
21 37 8241
62 4 8242
8 22 8243
3 8 8244
3 48 8245
58 62 8246
27 19 8247
58 9 8248
18 46 8249
23 57 8250
30 12 8251
55 20 8252
26 49 8253
68 33 8254
20 25 8255
39 30 8256
63 32 8257
15 14 8258
64 65 8259
29 67 8260
14 37 8261
8 66 8262
57 28 8263
12 31 8264
49 41 8265
36 24 8266
40 12 8267
41 37 8268
66 2 8269
17 22 8270
22 20 8271
52 14 8272
42 24 8273
57 40 8274
21 52 8275
34 23 8276
9 28 8277
65 38 8278
51 36 8279
44 57 8280
41 51 8281
67 65 8282
64 5 8283
30 36 8284
14 21 8285
41 58 8286
29 5 8287
11 2 8288
46 30 8289
40 7 8290
16 55 8291
28 5 8292
14 11 8293
65 2 8294
66 4 8295
11 35 8296
18 14 8297
61 12 8298
30 37 8299
9 17 8300
32 40 8301
8 15 8302
35 57 8303
13 56 8304
70 21 8305
6 53 8306
13 41 8307
45 43 8308
40 49 8309
46 34 8310
59 59 8311
5 23 8312
37 24 8313
12 16 8314
44 62 8315
34 45 8316
13 11 8317
67 6 8318
16 62 8319
3 59 8320
40 52 8321
51 6 8322
27 1 8323
39 49 8324
63 38 8325
50 16 8326
26 56 8327
18 14 8328
54 30 8329
16 6 8330
17 8 8331
50 30 8332
68 18 8333
7 68 8334
53 36 8335
45 29 8336
30 48 8337
6 22 8338
12 18 8339
2 23 8340
5 54 8341
19 9 8342
25 44 8343
10 59 8344
22 64 8345
32 11 8346
12 59 8347
52 39 8348
55 60 8349
68 61 8350
41 54 8351
25 57 8352
65 16 8353
31 55 8354
62 65 8355
63 56 8356
40 5 8357
21 53 8358
39 41 8359
31 2 8360
28 69 8361
52 10 8362
47 13 8363
68 8 8364
62 18 8365
70 67 8366
66 30 8367
58 43 8368
6 27 8369
14 41 8370
49 56 8371
12 12 8372
36 18 8373
9 14 8374
40 35 8375
37 54 8376
58 30 8377
45 66 8378
12 51 8379
56 59 8380
26 64 8381
64 10 8382
45 68 8383
39 64 8384
5 27 8385
14 53 8386
41 68 8387
69 4 8388
41 14 8389
51 58 8390
66 36 8391
53 69 8392
8 68 8393
34 49 8394
50 59 8395
35 51 8396
33 39 8397
27 63 8398
16 55 8399
56 51 8400
16 17 8401
42 57 8402
54 59 8403
27 23 8404
20 67 8405
66 65 8406
15 65 8407
53 34 8408
56 26 8409
15 63 8410
17 63 8411
62 66 8412
18 64 8413
7 32 8414
63 62 8415
19 69 8416
54 58 8417
36 68 8418
5 37 8419
33 65 8420
51 53 8421
12 22 8422
15 24 8423
6 68 8424
7 45 8425
26 35 8426
5 43 8427
45 32 8428
12 47 8429
28 43 8430
13 60 8431
39 30 8432
62 16 8433
27 6 8434
12 38 8435
41 21 8436
32 69 8437
61 20 8438
12 2 8439
61 23 8440
18 58 8441
26 43 8442
48 32 8443
58 3 8444
47 68 8445
11 60 8446
11 55 8447
25 58 8448
18 29 8449
53 19 8450
13 14 8451
46 2 8452
14 18 8453
51 10 8454
29 22 8455
56 34 8456
68 69 8457
23 31 8458
70 41 8459
54 24 8460
37 16 8461
15 10 8462
21 44 8463
19 35 8464
19 34 8465
66 63 8466
63 3 8467
8 1 8468
68 69 8469
66 27 8470
34 13 8471
67 66 8472
3 6 8473
37 50 8474
27 46 8475
56 50 8476
42 31 8477
42 56 8478
51 69 8479
43 47 8480
1 2 8481
25 25 8482
41 63 8483
55 38 8484
6 42 8485
20 50 8486
34 23 8487
39 52 8488
47 4 8489
60 41 8490
12 54 8491
62 15 8492
52 55 8493
36 37 8494
22 11 8495
34 22 8496
54 10 8497
17 29 8498
7 21 8499
61 31 8500
31 44 8501
40 36 8502
7 38 8503
56 44 8504
39 52 8505
48 68 8506
14 38 8507
58 28 8508
43 57 8509
16 59 8510
21 49 8511
19 13 8512
37 55 8513
10 48 8514
68 65 8515
64 63 8516
48 15 8517
56 24 8518
1 42 8519
66 69 8520
9 15 8521
45 45 8522
21 5 8523
67 49 8524
11 14 8525
43 68 8526
44 49 8527
62 7 8528
25 27 8529
58 34 8530
70 60 8531
34 16 8532
63 16 8533
21 67 8534
24 40 8535
5 26 8536
16 60 8537
52 6 8538
27 19 8539
58 48 8540
45 40 8541
47 67 8542
69 42 8543
22 14 8544
34 27 8545
53 64 8546
13 50 8547
56 62 8548
34 57 8549
23 49 8550
60 51 8551
59 63 8552
57 47 8553
42 58 8554
5 45 8555
13 41 8556
4 62 8557
38 3 8558
29 22 8559
47 58 8560
8 41 8561
1 62 8562
42 57 8563
20 36 8564
47 59 8565
66 5 8566
45 56 8567
12 54 8568
6 41 8569
1 69 8570
59 19 8571
54 18 8572
70 62 8573
25 40 8574
43 2 8575
67 56 8576
51 57 8577
38 62 8578
62 60 8579
18 3 8580
53 22 8581
10 45 8582
16 10 8583
3 57 8584
53 6 8585
33 45 8586
42 7 8587
28 56 8588
41 44 8589
35 38 8590
7 27 8591
65 6 8592
21 9 8593
3 52 8594
58 7 8595
49 46 8596
49 67 8597
7 17 8598
9 54 8599
8 50 8600
11 38 8601
51 41 8602
23 33 8603
13 60 8604
60 26 8605
12 5 8606
19 38 8607
34 13 8608
20 40 8609
4 27 8610
54 32 8611
48 56 8612
67 38 8613
31 28 8614
3 54 8615
12 8 8616
58 21 8617
3 38 8618
18 12 8619
34 43 8620
18 28 8621
4 56 8622
38 32 8623
54 40 8624
65 29 8625
33 68 8626
38 63 8627
5 39 8628
28 56 8629
45 33 8630
63 15 8631
12 57 8632
8 64 8633
2 66 8634
29 62 8635
50 22 8636
53 49 8637
54 10 8638
35 62 8639
57 8 8640
36 28 8641
67 37 8642
24 20 8643
61 45 8644
46 31 8645
11 43 8646
51 46 8647
24 30 8648
9 33 8649
29 43 8650
51 12 8651
48 65 8652
29 36 8653
21 53 8654
42 42 8655
52 44 8656
23 13 8657
31 46 8658
51 16 8659
35 42 8660
65 25 8661
70 33 8662
51 40 8663
52 22 8664
7 24 8665
56 3 8666
53 14 8667
47 47 8668
61 30 8669
39 17 8670
11 66 8671
56 60 8672
43 60 8673
9 22 8674
6 29 8675
29 44 8676
53 17 8677
4 5 8678
57 40 8679
16 58 8680
26 41 8681
41 6 8682
13 2 8683
44 26 8684
12 53 8685
40 51 8686
57 60 8687
42 10 8688
61 65 8689
54 30 8690
27 3 8691
21 17 8692
4 4 8693
33 22 8694
44 52 8695
53 9 8696
11 27 8697
63 2 8698
41 44 8699
60 29 8700
34 19 8701
29 60 8702
29 7 8703
33 32 8704
11 56 8705
36 49 8706
55 47 8707
31 27 8708
58 48 8709
9 64 8710
55 64 8711
66 49 8712
4 43 8713
22 67 8714
38 19 8715
57 5 8716
27 52 8717
65 45 8718
9 69 8719
20 40 8720
45 7 8721
19 59 8722
64 44 8723
16 13 8724
24 15 8725
34 51 8726
56 53 8727
40 11 8728
18 18 8729
3 10 8730
44 59 8731
45 29 8732
24 33 8733
20 65 8734
19 60 8735
52 36 8736
64 11 8737
28 54 8738
42 31 8739
53 26 8740
58 44 8741
6 6 8742
36 64 8743
41 11 8744
60 47 8745
33 48 8746
6 37 8747
1 6 8748
62 14 8749
51 32 8750
60 27 8751
69 11 8752
63 36 8753
22 69 8754
2 67 8755
12 62 8756
63 43 8757
50 42 8758
2 47 8759
13 50 8760
44 33 8761
13 54 8762
39 36 8763
14 66 8764
57 7 8765
38 61 8766
61 9 8767
54 42 8768
20 41 8769
6 47 8770
5 46 8771
12 29 8772
31 21 8773
68 53 8774
58 18 8775
19 4 8776
60 47 8777
48 64 8778
66 40 8779
16 65 8780
25 18 8781
51 5 8782
34 63 8783
53 18 8784
56 44 8785
19 9 8786
26 14 8787
43 68 8788
56 19 8789
45 3 8790
34 29 8791
25 59 8792
3 19 8793
61 41 8794
40 48 8795
67 4 8796
3 1 8797
33 19 8798
51 9 8799
28 60 8800
17 11 8801
70 41 8802
25 49 8803
31 2 8804
22 22 8805
57 7 8806
29 66 8807
14 59 8808
49 41 8809
51 69 8810
16 21 8811
70 47 8812
4 2 8813
27 11 8814
45 16 8815
14 51 8816
7 21 8817
68 49 8818
32 31 8819
10 39 8820
15 3 8821
64 36 8822
25 6 8823
32 65 8824
48 66 8825
68 26 8826
39 31 8827
45 9 8828
60 35 8829
7 10 8830
31 55 8831
22 64 8832
39 27 8833
11 13 8834
63 10 8835
24 42 8836
11 3 8837
36 28 8838
52 51 8839
47 57 8840
58 10 8841
2 44 8842
41 61 8843
51 11 8844
55 41 8845
7 32 8846
63 68 8847
22 29 8848
48 67 8849
14 6 8850
5 20 8851
19 52 8852
65 9 8853
51 47 8854
20 37 8855
33 26 8856
5 27 8857
22 3 8858
70 62 8859
13 41 8860
56 56 8861
12 9 8862
60 53 8863
16 34 8864
46 63 8865
59 54 8866
13 30 8867
6 60 8868
55 50 8869
39 3 8870
55 52 8871
56 10 8872
57 63 8873
50 61 8874
39 68 8875
23 52 8876
26 5 8877
5 47 8878
52 18 8879
5 59 8880
5 54 8881
68 53 8882
15 55 8883
21 53 8884
42 26 8885
17 28 8886
59 53 8887
70 22 8888
65 50 8889
11 26 8890
59 23 8891
45 13 8892
5 1 8893
34 44 8894
53 59 8895
16 49 8896
26 39 8897
36 2 8898
52 41 8899
64 40 8900
58 43 8901
29 3 8902
9 55 8903
60 52 8904
57 48 8905
52 50 8906
64 28 8907
44 67 8908
11 41 8909
67 21 8910
26 4 8911
3 16 8912
42 47 8913
64 19 8914
42 7 8915
40 12 8916
9 45 8917
62 26 8918
59 20 8919
48 68 8920
34 57 8921
53 46 8922
34 50 8923
37 30 8924
39 22 8925
13 57 8926
36 32 8927
36 16 8928
52 33 8929
8 51 8930
17 9 8931
10 11 8932
34 64 8933
10 48 8934
62 8 8935
45 17 8936
61 23 8937
64 59 8938
70 56 8939
48 37 8940
67 9 8941
57 5 8942
23 61 8943
12 31 8944
8 8 8945
35 28 8946
70 45 8947
22 62 8948
70 34 8949
45 30 8950
12 7 8951
4 11 8952
52 10 8953
32 68 8954
36 61 8955
49 41 8956
4 24 8957
17 21 8958
21 66 8959
26 63 8960
32 41 8961
19 2 8962
38 28 8963
39 13 8964
22 30 8965
1 1 8966
57 69 8967
45 42 8968
43 32 8969
13 62 8970
27 62 8971
9 7 8972
11 41 8973
19 39 8974
57 35 8975
46 66 8976
16 64 8977
70 52 8978
32 54 8979
9 3 8980
58 64 8981
32 51 8982
51 26 8983
60 64 8984
25 43 8985
54 23 8986
14 37 8987
63 69 8988
50 18 8989
12 44 8990
56 30 8991
67 16 8992
35 15 8993
33 62 8994
37 32 8995
2 14 8996
56 37 8997
58 17 8998
56 12 8999
16 33 9000
22 30 9001
32 67 9002
37 44 9003
23 54 9004
41 51 9005
67 33 9006
68 4 9007
69 63 9008
28 4 9009
33 18 9010
30 22 9011
32 47 9012
52 19 9013
40 34 9014
14 63 9015
19 23 9016
27 9 9017
38 45 9018
58 32 9019
15 6 9020
37 31 9021
54 34 9022
39 35 9023
68 24 9024
57 31 9025
7 64 9026
24 27 9027
7 19 9028
41 37 9029
28 48 9030
40 34 9031
45 55 9032
53 68 9033
9 46 9034
70 2 9035
42 44 9036
47 28 9037
23 38 9038
64 65 9039
31 61 9040
50 30 9041
52 40 9042
37 20 9043
19 21 9044
36 59 9045
55 51 9046
22 18 9047
50 35 9048
57 45 9049
12 15 9050
64 44 9051
1 27 9052
65 23 9053
5 20 9054
52 23 9055
63 59 9056
10 23 9057
25 21 9058
2 59 9059
35 40 9060
3 69 9061
39 24 9062
69 26 9063
42 36 9064
14 58 9065
12 12 9066
50 45 9067
8 1 9068
69 27 9069
69 12 9070
69 42 9071
12 11 9072
44 63 9073
37 66 9074
5 29 9075
25 69 9076
59 54 9077
60 52 9078
14 57 9079
39 8 9080
3 51 9081
51 61 9082
62 31 9083
61 19 9084
2 34 9085
31 38 9086
17 53 9087
66 25 9088
34 30 9089
70 15 9090
34 9 9091
62 25 9092
9 12 9093
38 33 9094
53 28 9095
62 31 9096
16 44 9097
11 1 9098
31 4 9099
47 1 9100
31 18 9101
57 55 9102
9 15 9103
44 43 9104
62 9 9105
31 53 9106
10 15 9107
64 28 9108
27 47 9109
67 4 9110
32 13 9111
15 7 9112
6 36 9113
23 41 9114
61 8 9115
18 19 9116
70 49 9117
68 8 9118
22 56 9119
33 57 9120
1 5 9121
18 19 9122
52 12 9123
25 4 9124
3 49 9125
7 64 9126
9 65 9127
3 20 9128
24 45 9129
11 55 9130
68 49 9131
25 45 9132
13 5 9133
17 2 9134
64 46 9135
7 21 9136
38 63 9137
19 55 9138
42 66 9139
14 60 9140
41 49 9141
25 25 9142
21 13 9143
65 57 9144
8 63 9145
8 50 9146
38 23 9147
49 18 9148
55 52 9149
10 28 9150
39 66 9151
44 25 9152
63 4 9153
25 35 9154
49 5 9155
16 39 9156
58 10 9157
35 58 9158
65 4 9159
61 28 9160
30 65 9161
7 21 9162
23 42 9163
67 19 9164
5 45 9165
63 33 9166
42 48 9167
67 4 9168
23 54 9169
21 28 9170
17 11 9171
6 16 9172
25 67 9173
20 50 9174
49 65 9175
19 20 9176
39 53 9177
36 2 9178
15 1 9179
16 33 9180
21 9 9181
53 29 9182
54 46 9183
49 48 9184
18 55 9185
7 33 9186
24 54 9187
34 26 9188
54 33 9189
18 40 9190
44 41 9191
27 61 9192
8 21 9193
65 64 9194
39 55 9195
45 8 9196
27 44 9197
43 16 9198
32 27 9199
69 44 9200
70 38 9201
36 21 9202
68 22 9203
70 43 9204
4 16 9205
31 66 9206
45 22 9207
34 6 9208
27 42 9209
53 3 9210
62 67 9211
33 34 9212
64 54 9213
47 39 9214
13 53 9215
42 63 9216
10 21 9217
4 37 9218
55 13 9219
70 53 9220
49 26 9221
39 29 9222
48 27 9223
37 19 9224
40 29 9225
24 14 9226
16 28 9227
6 38 9228
23 56 9229
67 53 9230
18 60 9231
45 41 9232
19 53 9233
9 59 9234
21 26 9235
11 1 9236
35 17 9237
10 21 9238
67 8 9239
63 44 9240
23 20 9241
67 18 9242
17 35 9243
10 57 9244
8 36 9245
30 30 9246
38 50 9247
55 7 9248
28 42 9249
64 3 9250
25 23 9251
68 4 9252
26 24 9253
8 17 9254
8 7 9255
58 61 9256
15 7 9257
27 35 9258
4 50 9259
12 16 9260
63 13 9261
33 53 9262
55 38 9263
34 25 9264
66 21 9265
50 57 9266
5 21 9267
55 25 9268
54 23 9269
58 52 9270
12 61 9271
32 38 9272
39 24 9273
61 41 9274
43 16 9275
9 22 9276
25 59 9277
28 23 9278
1 10 9279
29 26 9280
6 1 9281
12 62 9282
37 51 9283
9 50 9284
29 31 9285
52 3 9286
66 52 9287
32 13 9288
34 35 9289
68 6 9290
51 2 9291
37 64 9292
61 21 9293
39 4 9294
45 12 9295
66 22 9296
1 66 9297
61 48 9298
50 18 9299
26 51 9300
46 24 9301
13 68 9302
65 35 9303
62 37 9304
20 65 9305
43 12 9306
51 3 9307
70 58 9308
37 59 9309
55 34 9310
38 39 9311
37 31 9312
1 8 9313
40 6 9314
33 10 9315
22 44 9316
11 12 9317
7 20 9318
67 52 9319
43 30 9320
23 61 9321
55 38 9322
23 63 9323
41 26 9324
69 5 9325
1 43 9326
10 23 9327
47 63 9328
31 33 9329
70 60 9330
32 9 9331
19 31 9332
19 9 9333
12 27 9334
48 60 9335
69 30 9336
50 58 9337
24 55 9338
13 37 9339
61 59 9340
52 51 9341
19 65 9342
6 43 9343
19 30 9344
29 2 9345
67 2 9346
8 60 9347
11 52 9348
6 33 9349
60 12 9350
9 47 9351
13 56 9352
29 47 9353
70 21 9354
12 54 9355
50 6 9356
59 36 9357
43 11 9358
42 26 9359
27 42 9360
9 40 9361
18 26 9362
45 69 9363
26 65 9364
60 51 9365
37 48 9366
4 52 9367
32 47 9368
69 55 9369
10 36 9370
27 17 9371
14 12 9372
22 23 9373
14 3 9374
68 67 9375
39 5 9376
46 12 9377
61 40 9378
23 4 9379
55 15 9380
41 48 9381
57 29 9382
14 24 9383
65 53 9384
11 7 9385
16 59 9386
22 47 9387
2 22 9388
7 48 9389
31 35 9390
23 42 9391
64 10 9392
63 31 9393
42 32 9394
68 4 9395
20 46 9396
11 48 9397
43 1 9398
57 66 9399
15 4 9400
55 57 9401
57 26 9402
11 51 9403
26 2 9404
51 25 9405
56 4 9406
34 41 9407
49 61 9408
20 19 9409
54 50 9410
14 35 9411
53 20 9412
10 43 9413
1 39 9414
55 26 9415
5 42 9416
23 28 9417
36 35 9418
69 19 9419
7 54 9420
21 58 9421
51 52 9422
3 64 9423
34 62 9424
29 19 9425
20 35 9426
17 32 9427
3 65 9428
49 27 9429
30 56 9430
54 66 9431
13 9 9432
68 39 9433
67 17 9434
22 57 9435
56 55 9436
35 1 9437
11 35 9438
62 63 9439
53 22 9440
25 66 9441
38 34 9442
32 23 9443
29 9 9444
44 21 9445
32 49 9446
14 50 9447
14 38 9448
16 49 9449
16 11 9450
29 46 9451
69 46 9452
31 60 9453
55 29 9454
8 25 9455
15 65 9456
9 63 9457
63 7 9458
27 51 9459
21 58 9460
14 68 9461
55 68 9462
15 42 9463
23 15 9464
9 22 9465
24 26 9466
25 42 9467
2 13 9468
68 32 9469
43 17 9470
48 15 9471
41 36 9472
67 55 9473
43 49 9474
48 49 9475
6 20 9476
41 20 9477
61 29 9478
60 36 9479
66 52 9480
59 3 9481
37 6 9482
9 66 9483
58 22 9484
60 35 9485
23 68 9486
24 27 9487
19 17 9488
52 20 9489
6 11 9490
62 67 9491
19 2 9492
15 3 9493
70 68 9494
7 19 9495
31 27 9496
4 1 9497
34 7 9498
32 15 9499
28 60 9500
64 55 9501
50 19 9502
58 32 9503
30 19 9504
6 36 9505
49 20 9506
22 4 9507
17 63 9508
59 6 9509
26 55 9510
9 1 9511
15 51 9512
32 43 9513
8 1 9514
27 21 9515
32 43 9516
45 36 9517
1 52 9518
35 49 9519
28 7 9520
61 27 9521
63 7 9522
56 14 9523
31 27 9524
6 38 9525
40 26 9526
49 16 9527
48 35 9528
48 11 9529
56 66 9530
17 67 9531
64 28 9532
59 48 9533
26 43 9534
10 20 9535
23 14 9536
20 45 9537
9 40 9538
13 8 9539
58 32 9540
65 60 9541
68 4 9542
5 50 9543
30 16 9544
40 19 9545
17 17 9546
52 53 9547
47 20 9548
52 10 9549
47 53 9550
7 66 9551
64 23 9552
22 42 9553
64 11 9554
5 60 9555
52 34 9556
24 68 9557
33 37 9558
17 67 9559
23 58 9560
33 14 9561
32 15 9562
6 33 9563
62 21 9564
26 15 9565
33 62 9566
28 52 9567
22 60 9568
64 29 9569
15 48 9570
38 10 9571
12 20 9572
23 46 9573
19 68 9574
43 2 9575
67 40 9576
10 5 9577
26 7 9578
30 42 9579
53 17 9580
57 13 9581
37 32 9582
14 4 9583
9 38 9584
31 43 9585
59 10 9586
36 66 9587
58 32 9588
16 26 9589
64 37 9590
34 23 9591
26 46 9592
65 47 9593
13 10 9594
42 9 9595
8 64 9596
35 68 9597
59 69 9598
16 37 9599
63 37 9600
44 50 9601
70 64 9602
19 58 9603
17 10 9604
60 10 9605
58 20 9606
3 33 9607
27 12 9608
12 21 9609
41 1 9610
69 21 9611
66 46 9612
36 15 9613
45 44 9614
2 34 9615
15 62 9616
28 49 9617
31 68 9618
43 57 9619
1 18 9620
46 6 9621
25 37 9622
26 26 9623
68 30 9624
6 9 9625
61 40 9626
46 19 9627
9 68 9628
47 2 9629
16 36 9630
34 44 9631
48 21 9632
31 53 9633
2 54 9634
39 37 9635
28 51 9636
12 36 9637
11 57 9638
14 10 9639
68 38 9640
43 41 9641
23 34 9642
13 2 9643
52 6 9644
37 37 9645
39 37 9646
69 22 9647
68 69 9648
48 26 9649
43 69 9650
27 23 9651
63 49 9652
33 1 9653
55 64 9654
36 38 9655
70 3 9656
61 28 9657
32 11 9658
56 43 9659
26 16 9660
18 37 9661
24 2 9662
12 33 9663
25 38 9664
17 5 9665
49 11 9666
3 43 9667
33 34 9668
62 53 9669
19 47 9670
58 29 9671
4 69 9672
52 23 9673
33 41 9674
64 52 9675
49 56 9676
38 8 9677
15 46 9678
65 31 9679
55 28 9680
28 39 9681
11 38 9682
38 28 9683
49 45 9684
29 63 9685
38 54 9686
30 60 9687
54 27 9688
68 4 9689
56 22 9690
16 25 9691
9 16 9692
10 15 9693
3 2 9694
42 52 9695
68 33 9696
4 60 9697
11 43 9698
25 20 9699
45 17 9700
40 40 9701
2 14 9702
42 50 9703
64 33 9704
17 38 9705
27 39 9706
32 28 9707
48 69 9708
51 68 9709
51 1 9710
38 31 9711
2 44 9712
52 46 9713
2 61 9714
6 43 9715
5 21 9716
5 21 9717
5 62 9718
65 8 9719
35 57 9720
42 30 9721
17 1 9722
18 41 9723
4 60 9724
61 50 9725
65 58 9726
56 65 9727
53 38 9728
68 53 9729
38 46 9730
70 29 9731
25 33 9732
61 69 9733
33 36 9734
30 20 9735
66 59 9736
65 7 9737
7 28 9738
55 32 9739
37 40 9740
8 52 9741
7 53 9742
46 67 9743
18 68 9744
70 1 9745
15 41 9746
25 31 9747
8 37 9748
59 62 9749
4 65 9750
13 13 9751
64 32 9752
43 36 9753
25 4 9754
40 17 9755
25 54 9756
25 63 9757
50 42 9758
50 20 9759
28 49 9760
61 4 9761
20 19 9762
33 50 9763
63 35 9764
27 62 9765
14 41 9766
29 66 9767
3 33 9768
35 27 9769
37 45 9770
29 37 9771
59 66 9772
49 16 9773
61 19 9774
1 11 9775
59 4 9776
42 36 9777
56 11 9778
45 42 9779
44 60 9780
54 35 9781
44 1 9782
67 10 9783
57 17 9784
11 13 9785
61 60 9786
66 14 9787
28 31 9788
2 18 9789
20 56 9790
48 69 9791
50 66 9792
37 60 9793
60 13 9794
56 6 9795
28 33 9796
70 23 9797
8 47 9798
5 8 9799
27 43 9800
29 43 9801
58 8 9802
48 41 9803
56 56 9804
20 67 9805
49 30 9806
25 25 9807
17 61 9808
25 65 9809
40 9 9810
5 42 9811
15 13 9812
59 19 9813
69 69 9814
23 2 9815
39 51 9816
64 21 9817
39 41 9818
63 39 9819
23 57 9820
4 4 9821
33 57 9822
17 8 9823
12 29 9824
16 16 9825
36 29 9826
30 35 9827
37 15 9828
25 24 9829
37 17 9830
