2500 2 5000
4921 2411
794 2516
4074 1731
4575 4658
1142 1251
567 2163
1399 4684
1160 2145
3297 3076
2899 2273
4630 1813
4994 3644
70 1833
4391 4908
1974 1041
269 1869
3676 3925
4399 1444
4862 4092
319 1584
3699 4328
3581 85
3621 340
1483 4057
3822 2237
3522 4957
64 2984
1240 842
1292 3491
167 4593
613 2993
4562 421
2550 144
3022 2402
3716 1052
3746 3913
1321 2593
1271 4941
4507 1928
3017 3145
1559 3027
1511 1738
859 4395
735 4181
4404 332
1624 4537
4345 4857
1440 3808
1171 2780
3108 1207
2720 289
4148 352
4418 219
4752 2607
2416 4272
2341 4126
1925 1755
1978 3641
4735 2860
1787 4362
1145 965
2248 4592
3335 1050
1748 7
2406 2815
1253 19
2439 4860
3103 2548
4523 1205
4816 1147
2443 3157
4468 1743
1098 245
412 4281
1100 311
3980 1742
4228 2856
3256 4902
3009 871
3586 1617
3158 4571
41 3665
4118 1947
694 3087
1413 422
1390 3634
2543 2006
2389 3445
4437 1901
2676 1361
4965 2386
1316 1726
4817 885
916 2642
3263 1286
2719 1176
4490 253
4529 631
328 2162
4890 1364
4044 4543
2057 3383
1075 4879
2234 4704
2858 481
4396 3200
371 890
4883 2861
1352 4706
2706 2983
621 2356
2360 595
2626 2722
733 2823
3922 221
3960 4243
3109 50
418 3620
3710 3857
3094 4141
3962 2734
1835 532
897 3142
3276 2772
3536 1185
1680 2076
918 251
3371 4020
2963 1665
424 389
456 399
2364 743
4351 2802
2294 4381
3886 147
705 3370
3194 1118
1780 4453
1017 2159
2523 405
1267 2612
3573 1323
519 4664
533 3398
3255 4660
3668 1880
49 1950
3030 2703
868 241
368 3609
2025 4880
1461 2323
4392 8
3595 555
240 3060
4503 4923
1953 3025
1115 995
3413 961
175 383
3111 3212
1842 4465
3800 2835
616 1642
938 4042
910 3529
636 3671
500 162
545 4112
3997 2805
1711 1914
94 4084
3274 3633
3248 4568
604 396
2397 3189
2694 4029
2681 2172
1718 772
4839 201
3653 283
2736 2429
1279 3882
2405 2624
711 4624
690 2956
4455 1856
1372 2713
2274 1020
1300 580
1317 2424
107 1260
2935 3041
2304 2066
1227 4795
4773 2375
1011 999
1749 891
3735 2776
9 801
4937 576
408 4076
3585 3229
4996 3622
3899 3698
1301 1113
3357 4353
38 308
4150 3818
1804 3140
3155 2087
18 325
866 2436
4283 1406
3217 3811
4559 4375
1457 1010
3851 994
4762 2797
2437 3993
1996 2925
3672 1593
3550 1445
666 4804
1089 89
3694 4823
2196 3625
3139 4198
2278 4295
288 2560
1491 1541
1184 3623
955 3953
3278 4012
4215 4045
675 2441
2544 111
4385 310
1174 4676
2440 2419
4671 1767
2014 988
2109 2174
2366 2666
2568 3
1575 2072
1587 4713
2693 331
3979 1330
3275 2572
3098 4064
4914 2764
1612 3069
1699 2065
1303 3073
1546 1097
4252 2967
1091 2868
1391 1453
348 1343
633 4486
21 3344
4001 4656
3946 3081
4616 4668
3904 1480
2036 887
4388 2988
908 2412
4124 3915
4164 1221
4479 394
4520 4058
4697 3206
946 3127
4596 1272
1938 1431
3295 2171
1370 3014
4992 831
1035 2761
4783 4016
2590 4427
1607 3961
136 1027
3776 3439
4360 1397
4284 354
1426 3607
3178 2886
1349 1190
2953 1898
1103 409
2130 4291
2592 3338
2185 160
2214 1228
404 3148
4703 1936
4892 560
2643 3454
2791 58
4354 2289
2914 2596
3018 403
1727 2759
4535 2702
3492 1079
959 3662
2961 2684
2538 103
4145 359
2803 1306
3651 2039
1055 1831
2715 2584
2094 3040
4863 4776
4815 2106
2982 3839
4153 788
3001 1610
1782 1144
1569 4299
2267 3505
1129 1764
2996 4344
3963 1396
4347 702
3115 3638
1451 2083
4609 2064
2068 3039
1643 34
3092 3169
1230 950
3566 229
516 526
2890 266
756 2170
3057 1114
2745 345
3970 518
1358 4604
1063 4412
4070 3748
4928 4322
3230 3766
4192 3743
3889 566
307 4139
1044 3409
3914 1824
2608 355
4306 1698
1013 3682
1500 1336
4608 3740
3143 2287
390 970
4539 4262
3336 4467
1821 2665
2758 3449
1956 3322
4591 3410
2254 172
4337 3517
1959 2372
4542 3386
4527 4034
1029 168
4643 1419
113 4259
3900 1096
2873 78
1266 4690
4672 2555
2660 657
4954 4647
406 4376
4789 1148
487 3972
1907 463
3421 3569
2826 1149
2033 2312
2164 61
3729 2683
84 1548
1475 4125
4620 753
2840 2206
2637 1429
4955 4358
692 4111
1125 48
3161 2602
714 4631
4186 4290
2763 4728
1072 150
718 4881
886 3167
4035 4000
123 4801
1977 4226
3614 2120
2514 1083
215 944
4667 956
707 2423
3427 1375
1949 4999
3308 1030
844 151
274 2020
4599 520
665 4446
182 4493
1659 2146
807 1716
4097 3828
4245 3354
3715 556
2502 3954
3681 4552
2202 1278
4904 1524
3814 4929
2181 3560
194 1355
3945 4199
4161 4541
4708 4595
4445 3487
2923 1613
4842 927
2037 3038
2041 513
1258 1682
3568 3279
4910 239
1883 2792
3926 365
4106 2905
2134 208
3411 152
3181 2638
4978 482
4176 2125
835 1958
4730 3728
3605 715
978 1678
1187 3195
3548 2790
4634 4504
4240 159
4469 2491
2062 1926
1662 786
2430 2022
4850 2061
4797 3802
4067 423
2176 2672
1434 1231
179 459
3299 4778
4943 224
639 759
3368 2889
129 4757
3110 262
445 720
1198 252
4679 4055
2729 1601
536 185
3973 72
2447 3616
4981 933
3220 3486
2613 3160
4038 133
76 1033
3567 3719
1224 40
2519 981
1939 1531
2884 592
1889 985
3798 706
3700 2777
1866 3457
784 66
734 1594
3767 2833
1193 2524
1709 4043
598 1631
4916 484
3466 4350
3727 2927
3240 2466
3853 1363
2705 2646
3819 2633
1765 3545
4808 4878
3285 2900
2059 2363
1166 24
3629 939
861 3056
4993 4424
4313 2697
722 3982
4144 2554
1994 415
4972 4763
1441 3147
1328 1515
4525 1259
1809 3508
2297 2853
4743 3709
4800 2492
4911 3884
4926 3532
943 4409
2641 764
1248 3869
4544 1834
3498 2733
3458 4279
4806 964
573 2336
4220 975
3077 3830
670 833
1067 3951
4197 2050
4233 234
4208 1811
2938 3078
4563 2123
3327 2496
3440 436
832 3118
1294 4635
3303 4383
1683 3554
1984 655
3831 2157
941 1849
1799 1793
3318 2307
2630 376
3164 601
1653 1249
4069 4693
840 587
4586 4734
2936 1534
3983 4824
2573 3994
1967 2600
36 2652
872 4532
2959 4270
134 4765
2465 3631
1899 1599
3249 1535
4466 4040
4165 3428
1153 4204
3277 2943
4745 343
2199 3065
2811 1591
1701 290
3177 4598
1825 564
187 568
814 1891
2682 4550
3258 4425
1428 589
1088 2813
4605 3791
4162 2198
1334 3273
1829 3314
544 4927
305 911
3385 2986
4206 1794
2256 1133
57 2912
122 3940
4933 1640
2821 4113
3947 2904
1099 4874
4485 2265
214 1347
470 4411
3747 108
2844 3860
689 1467
3705 173
549 4444
1655 1324
669 3591
1326 437
2450 3348
3502 4440
4267 4675
882 2542
1747 114
1161 3969
2219 1888
3731 4764
4183 845
1335 1338
1585 791
1284 4646
1638 507
441 615
834 1472
3479 3658
704 629
2907 2650
4078 3588
936 1373
3850 1740
781 1181
4971 808
4033 2071
2084 1566
947 4278
3643 1435
4848 154
3989 2288
2229 793
4448 2575
1165 508
4268 1609
477 425
2111 727
3226 4253
4210 1795
1494 1666
2327 4329
4158 3789
430 1704
451 2143
1513 2588
1800 1162
1442 1313
2361 3045
2096 501
2099 1195
226 2260
498 3934
596 2317
3262 478
2486 1423
1537 2432
137 884
3596 2280
3416 2710
1382 1611
407 574
92 3990
923 2079
4853 1521
3957 698
2997 3911
1177 4324
2030 4968
3738 213
635 3199
3470 3333
447 2944
4873 2141
4732 1150
2603 4771
1616 3590
4687 3949
3268 4089
1990 652
312 204
2180 2392
4727 1376
3514 1679
4222 306
1927 3547
4909 2871
1673 2049
719 3324
1369 2654
2962 4477
2086 3433
337 4156
4429 3219
3099 2586
3533 247
3345 4065
570 4195
192 188
3905 3876
1425 4423
2388 4758
4777 3216
2420 3733
3289 1019
4032 3002
1867 4146
2751 4882
3037 14
4830 158
728 1552
1781 495
428 619
3407 2743
3473 401
260 1629
3841 1986
2685 2998
2142 4998
1042 4984
809 4645
3190 1073
32 4512
542 4814
928 1995
3133 528
77 1110
1823 1981
3075 904
2359 1779
1798 25
3239 1383
696 4714
3059 250
4722 4401
4200 1713
4569 4039
1387 3749
1621 3761
91 3415
458 2752
1750 375
1058 1792
986 681
2023 3506
3381 4644
1894 4223
2566 1261
2525 3138
1737 3996
1571 3497
2948 336
1218 369
1309 2881
1085 1379
4725 4342
934 4171
1911 3752
3779 3835
1892 4674
2882 296
822 3364
3976 2241
2855 3998
2324 4820
3325 4355
2910 4935
853 4213
3435 4470
3809 2518
4561 1299
1432 3683
4759 4692
2786 1931
816 2494
4649 1530
3840 3652
1241 2511
4617 126
1143 225
870 3782
721 3347
1983 2730
3471 3137
4588 2266
1405 1503
3539 2863
3888 4663
2346 896
3865 2878
4678 1077
2373 3174
2669 71
1658 3774
4473 3964
4128 4530
3293 4833
1197 818
3842 2104
4760 895
4336 4083
128 3524
4977 1937
3363 4511
612 3775
2046 2609
3986 1078
3367 1415
199 3468
874 3858
198 3868
2587 29
1420 4492
4053 2188
4822 4615
1170 3772
2209 4367
3935 4371
2147 2509
426 849
2262 4594
1111 796
3074 1675
3944 353
2048 2895
280 892
255 3549
3971 4326
4346 1001
2458 3342
3339 3555
585 4080
4062 852
4475 2470
4060 4348
2533 3080
4304 2843
2649 2535
3442 680
4390 1724
3721 1438
1597 1473
2092 449
427 93
2370 2559
3460 4738
1674 2217
2931 2618
1008 1874
1331 4459
4087 2403
4271 2503
1930 3553
4333 4867
1312 572
584 395
2498 1775
1022 3284
2614 476
2549 654
929 2954
100 4022
1913 3391
1998 2230
1354 4720
4137 716
2701 177
4639 4447
876 1574
699 1736
3153 1239
3453 2250
4122 2536
1329 3124
4585 1676
543 363
4261 1206
4116 4747
1741 905
2283 54
4232 80
1337 2714
4460 2659
2578 1038
1999 2978
4340 2407
2980 4865
4774 320
1122 2350
888 2709
2335 989
1923 1562
275 1723
4869 1395
2778 125
3424 1384
2055 2755
1422 1579
452 1517
1116 120
4182 3525
2738 837
571 1180
4030 1217
3186 4792
1588 2849
1510 4517
4796 3447
2611 4462
3707 301
1507 4047
2620 875
3141 4661
3359 4179
1208 4509
3544 4836
1838 972
101 2200
4807 4976
805 1759
286 3737
3209 4185
104 2787
623 4019
4332 4247
1509 4297
4397 3352
1604 4293
3393 611
4377 4180
2228 2261
2708 3031
2561 2819
1875 4952
4835 1090
2085 4007
2322 4131
1327 1302
2887 1289
3820 4641
640 1734
2469 4048
1954 820
3369 1282
1818 1929
3732 3513
3149 3861
4755 178
3757 2731
586 202
958 4216
446 3495
3184 847
2645 4010
4748 2913
1893 3575
442 2947
370 945
1652 864
3773 4677
4629 1576
2013 2027
3412 3408
1657 88
2203 4940
4154 1502
3213 3784
1209 432
297 3856
2158 2504
881 1356
1450 889
13 4651
3232 4086
1057 3903
998 708
504 4163
1902 3305
1512 2073
4380 4023
1136 2166
4809 1558
1620 2661
448 1654
4698 552
1850 512
3401 1005
1762 261
2598 1671
2026 1093
3885 4798
4499 473
4098 1982
3287 1040
1900 362
3316 4266
440 2207
4309 4868
318 583
3235 3151
3182 4286
4072 1763
392 1132
3465 4712
2789 559
2051 1200
4985 1564
2189 2474
181 4851
3482 1580
1519 4497
3231 1154
3753 4430
1753 3187
1296 2298
4888 4478
610 3684
3898 293
15 309
2842 1817
1102 2105
4275 1049
2118 4115
2724 4
3655 3420
3552 3012
2574 1095
237 4893
2989 4891
4953 3919
2374 2070
984 1583
230 2747
1859 1226
1464 825
1514 3786
3600 109
2140 1018
2784 457
848 912
2897 2957
3703 3090
1407 4811
4686 3751
3796 4845
30 203
186 4551
790 1173
4294 2779
1332 3901
4521 4143
130 2875
3053 4946
4793 3307
1553 3136
3507 157
1028 2333
527 2973
2688 2571
2343 3521
2513 3378
3021 236
2852 2735
2182 4132
1345 902
3541 2946
1135 3690
1964 4421
265 2939
2517 398
4650 4051
485 2800
2452 4458
2264 1247
2545 4472
1815 1319
1565 4936
4075 4009
3765 2221
2921 2782
4209 35
1446 3741
165 649
672 1846
4073 1635
483 2342
3929 3193
4339 5000
2885 750
2695 3825
1993 472
1608 3043
1322 1108
1916 1172
815 1478
4619 855
3204 2418
2320 330
4826 812
2783 4657
4746 1385
2770 382
2834 2799
3013 4590
397 1124
3923 4711
1922 1151
4101 1987
1522 2400
3632 1702
3948 582
1915 2034
4028 2870
2774 411
4002 1484
2622 2585
3222 238
2150 4024
4901 4103
2740 1262
4741 2879
3227 656
4749 3010
3071 1237
3678 1756
3298 367
1844 3781
907 593
3403 2243
1297 3475
45 3974
4626 2473
3033 1681
738 83
2239 3355
4553 683
4884 2459
3806 4995
4899 2401
155 3887
110 3893
703 1600
3005 3764
356 3572
3693 2281
2952 723
521 4709
736 547
1857 1014
3604 4852
4666 1437
384 2153
2292 2748
2018 797
3405 2801
1137 1943
740 3188
2532 2924
1769 1447
1550 1009
1152 3787
3476 1032
2481 3208
302 1707
4695 2282
1789 2768
3646 3968
553 2653
4300 3931
191 4841
1630 1126
1000 4302
3768 1563
3932 489
591 2371
1214 3810
3598 3197
1505 3618
4003 2926
561 2662
3908 4918
333 3523
1315 2319
4316 2445
3870 3050
603 4464
3736 1968
4683 242
4177 3349
285 1194
3211 851
3425 2398
254 1895
3872 52
4292 4548
1695 3873
4123 4476
3756 1921
4025 4099
4761 4886
4601 1872
1728 4775
2830 3593
2446 2442
2129 3328
2247 695
2113 4110
607 3692
1416 4917
3320 2951
4471 3799
1786 3723
3762 73
281 1466
3758 1024
3004 282
979 1298
4919 830
65 1605
4221 2579
1720 2869
1070 2667
4536 393
1277 3852
1944 777
227 480
2291 1626
674 626
1076 3388
2841 4680
2732 1455
3558 2825
4308 741
429 4514
2977 3847
4707 3844
1236 768
3862 1265
4175 3501
1222 4323
4410 1341
2497 2501
47 1403
3101 2941
3797 433
2321 732
317 1495
1694 1158
2313 973
3166 4522
3880 1801
937 962
1908 4982
1542 2809
75 4785
4041 2191
3312 3430
579 163
1242 4570
1333 342
3283 3396
4480 2753
259 300
2173 4433
1325 1918
3223 1276
2739 4689
600 4558
2351 4217
3543 1582
2242 4212
2639 1820
3489 171
4577 1917
726 625
873 439
3051 190
2047 4717
3892 1768
4702 118
3028 2464
4652 2417
3436 4129
2478 3228
2930 329
1179 1668
925 1746
4242 4203
1062 3815
1633 2979
1275 3654
2236 156
4557 4134
3624 4318
1417 900
2505 1757
2184 4794
3448 3375
2279 1639
3245 1656
2522 1848
180 922
2367 4402
3696 650
1213 233
3341 913
4969 3241
3509 3490
2213 1941
3082 166
3313 1847
2115 2127
2859 3029
67 1865
1233 713
2380 648
4225 3669
3016 2016
2019 3557
4056 3564
3500 3008
827 4912
2541 4434
2553 4167
3451 1
4610 2529
2233 1615
1912 1684
4319 2599
687 2231
4140 4805
1400 69
2201 3594
1735 982
2485 3584
4849 4190
1053 678
4239 3895
3688 1257
3032 26
2001 578
4496 1506
271 2680
2311 4625
3114 757
2225 4696
3702 4005
1708 2211
3003 4095
2958 4665
4408 3469
4343 1692
2577 1291
454 142
374 1348
2704 2017
3769 1806
209 4373
932 2337
141 1814
2183 4556
4238 1084
4961 2208
1985 4255
770 4767
1443 1043
2628 2212
3750 2716
3091 4500
2804 3794
4574 1862
2725 957
2310 637
535 2981
4487 1285
779 460
682 3897
1693 243
3583 3907
3175 4897
4334 4188
2712 210
3350 3437
4922 3661
503 4682
231 4108
3565 1614
3559 4230
2244 1863
2610 538
3402 2539
1868 3878
2798 4938
2488 63
131 2867
4426 315
1570 4400
2615 1064
642 2827
2369 1201
2727 2933
2303 4947
358 1774
387 2179
3280 917
1482 4719
3691 2564
138 1487
2583 2865
3361 3722
99 3717
2152 645
4168 4988
1971 2477
1159 4827
3102 2806
1351 3152
4305 1470
3739 1365
2960 1456
2011 2038
1305 3288
3382 954
1636 2426
4810 3601
990 1215
1210 2901
2520 2390
4389 4838
1477 4991
3803 3754
1871 3036
1858 474
3790 2227
1523 4178
2906 37
4733 4288
1080 2621
2415 2674
3329 2329
3864 3034
117 2771
4642 3443
1310 380
4934 2632
1245 105
3677 1371
1545 4420
2413 952
2627 3673
3526 3999
2762 3556
2741 2601
662 2974
4046 4331
4970 3867
3686 2698
378 2851
4944 3770
2193 2082
2972 4578
4494 2570
3912 3516
3606 3928
765 590
471 803
3117 3165
2222 4997
1864 767
3406 4858
4659 4174
4094 3384
3366 3302
4488 2824
1532 4317
2368 1788
1454 2216
4744 3392
1449 4834
2290 1031
2854 377
2270 56
1458 4766
12 3286
1979 4931
279 1381
1805 4015
4887 55
1203 3788
2767 1380
1186 1238
82 4341
416 1690
184 4637
2124 4431
856 2644
2144 1367
2916 1121
4449 2302
3422 2054
3097 492
3551 4508
3936 2252
1644 1047
4843 3670
4432 1045
3397 4980
2749 2670
1770 4818
4913 3793
413 529
4491 2893
4201 1439
2490 4549
3066 858
2647 3783
2888 1634
298 953
1290 1182
3172 1140
880 3845
762 388
2619 4071
4790 991
4419 1101
4751 2238
606 3647
1128 2035
1706 2686
3461 2521
334 1860
1283 2837
1398 497
4495 754
2850 2338
1822 3254
2245 304
634 364
4264 2197
248 1092
299 1016
3176 2365
1554 434
3100 2699
3264 1501
287 2326
4229 2605
3795 4812
3695 4187
1418 112
2355 4311
1508 314
2857 4959
1056 2810
4119 4314
4627 22
3704 4832
4786 4357
323 1596
3640 4249
2112 3452
3119 3542
1526 341
3838 2387
1980 3265
391 1404
3332 294
1520 4327
1499 1839
609 2101
357 4136
3023 813
4414 776
2757 1761
2404 2003
4876 3238
3306 3941
2807 924
3642 3163
1059 1751
1919 2422
3562 2137
1697 4021
4315 4451
46 1712
1175 2043
2408 3459
548 2434
2093 1163
3390 3462
23 677
3300 2818
2717 1989
2409 2177
4159 4280
1827 1320
2431 1924
3666 1567
2471 4721
4534 3291
2032 3049
4614 782
3113 2917
3171 3311
540 550
1778 761
2268 3052
4257 2995
2671 2987
3619 4211
3399 1268
410 763
1421 920
3924 1771
914 2393
1007 3874
2126 4813
1069 1803
1826 3467
1539 1155
2689 2272
4915 217
1714 839
284 2328
710 3816
992 673
3657 1216
479 4196
948 3894
4633 2911
4964 2190
381 3105
2975 1890
1212 4109
42 4859
1037 2240
2204 2919
4498 3531
1368 2053
3812 2154
4895 3785
3848 2580
3353 3062
4623 614
3104 2107
2121 4855
2395 663
1130 4731
3599 3296
4285 1191
4079 4871
1264 2817
4359 658
2293 1627
1957 3530
3680 4330
3608 2002
2832 1386
324 4274
4925 4068
3154 780
901 361
4157 3725
2976 3068
1717 775
4081 1934
4236 1538
2012 139
843 2015
4018 1646
2353 1469
276 453
3527 1760
2965 4788
200 2067
1012 2399
617 2357
641 1667
3510 4828
850 2569
3730 2636
2728 4142
3431 3063
3007 467
366 2750
4829 1169
1816 2160
3242 3387
4600 102
2527 2909
2874 2276
4572 4903
3202 2894
1962 1003
4378 4379
1625 773
1710 4979
3494 3577
3085 1940
745 967
2271 3833
1412 414
1497 2760
531 3759
792 2679
3394 4846
893 2347
3771 2617
1485 3587
81 4973
1556 494
3805 277
4364 2295
59 557
1733 3218
53 4282
4555 1304
4310 1402
1970 2382
1378 4603
1061 2908
2010 2063
119 3483
3714 2562
4127 1992
4439 671
1952 2597
1830 222
1340 599
2576 1004
2769 4526
1493 4443
664 3627
1551 581
804 3419
4597 1877
993 3380
2526 799
1246 883
4063 940
2829 2457
264 1204
4502 2075
3365 3464
1660 4231
3639 811
4821 3201
4581 935
1225 1359
246 291
3916 921
3832 4819
4528 3917
3959 558
4825 2534
4386 1104
565 2028
4564 216
1670 3978
4415 2334
2396 2349
3162 4117
4989 2872
4781 4518
1796 2103
1394 1006
350 2880
207 4151
644 2581
1311 1663
4287 1664
1845 3813
2820 3379
3146 3995
1887 1518
1721 2744
2700 747
1256 3046
1476 232
2992 272
2902 4606
3234 597
3824 2149
4546 4583
2664 1408
1414 3877
2131 488
1183 3628
4896 4640
257 140
1715 2354
1649 3726
4960 2846
4861 1388
4435 3958
3667 3612
668 2269
4779 176
3804 1141
4133 1991
949 1976
3257 1366
1139 1637
3214 1196
1235 4254
4966 3086
4688 2546
1219 2246
1884 906
4366 2325
3372 249
2383 1263
2021 1156
1488 3120
1463 3871
3563 3095
2876 4248
2232 701
622 2479
4632 2461
1274 1270
86 3909
3015 2891
1896 510
819 1790
709 347
4990 2594
3538 4258
4545 464
980 3376
2990 2348
1797 3128
1087 817
1071 4121
2955 1117
1879 4463
1490 344
3019 996
539 3251
1669 4135
4114 863
3537 2097
4987 3630
4740 3906
1973 4066
1060 867
1837 4393
5 4607
3089 4369
1963 1703
3481 1318
4513 3377
2507 1357
2462 1280
3938 2136
983 2677
2475 2847
2449 2114
278 335
530 3244
1836 3846
486 1164
4566 3170
3589 3720
3179 2045
878 3356
3477 2788
3351 2623
823 4088
4365 2515
608 2687
523 2862
444 2940
2467 455
4398 2300
3734 3093
402 4516
3499 3854
2991 4769
1852 4172
3455 1527
2512 836
1766 1433
124 522
491 4701
1881 537
3260 2306
3107 1641
1146 39
326 4715
1975 3343
3294 974
1086 145
1932 2896
638 3955
2506 751
1015 931
4382 3613
2187 4768
755 894
98 2495
717 2091
3883 2557
3528 4027
4413 2531
3952 679
4958 20
4484 3282
3042 667
2195 2139
1851 860
502 1234
877 3849
1555 2651
1886 2285
2472 3648
386 3921
2258 4456
2332 4096
3534 2918
1705 2756
2552 2812
4694 3637
419 1120
4787 3763
132 854
4580 2999
4945 632
1685 846
3745 1479
1167 1460
3843 1696
169 4756
1362 4298
3689 660
2194 2090
1700 2663
1211 1730
869 4372
4736 4589
4407 4428
1573 4260
2848 4246
1107 4907
1339 2052
149 3480
628 1308
3817 534
563 4320
3270 3319
4085 3617
2362 2540
258 2563
3191 930
3247 1650
725 1346
3826 4189
4554 651
1465 1066
1549 2898
1254 4241
3358 3488
97 2138
828 1293
2966 2384
3334 3675
1876 3150
688 2098
346 3474
2487 4638
4670 2226
4584 379
2042 1025
2839 2391
2822 2476
4026 3224
3374 2116
2814 435
4303 1281
3180 2726
2964 2482
79 987
4237 2625
327 879
2616 4031
4202 4312
915 3910
2251 4166
3519 4942
1471 4691
127 4782
2110 3515
28 1672
2591 3243
2345 11
4147 554
1459 514
3660 1840
1374 1448
2547 2315
1314 4900
1504 2499
2970 2737
349 742
1691 2088
659 3712
3649 3674
417 3159
2069 4325
1525 1244
963 2746
1220 1791
1065 3221
4387 2031
1269 1474
3269 769
3942 4531
106 3404
685 4008
2156 4864
919 3578
4618 1486
630 3272
115 2781
3432 1960
1725 193
899 4082
2483 4847
148 4384
4932 1732
205 2922
3054 3859
1229 4017
2690 1906
525 1873
4510 3112
4091 3801
4974 1498
4723 1689
1481 3011
4611 1955
2836 1783
3266 1068
1082 170
3920 4194
3000 3463
4770 3701
903 4877
4648 4441
1393 3943
4090 2435
4093 4875
2589 1785
2444 4370
3079 1776
2994 1878
4582 183
2148 4014
3252 1468
2008 643
4100 1623
2275 385
2314 2249
1618 2455
4191 1344
74 4474
3992 2381
3829 1350
4036 2969
3896 3131
1048 465
4700 4906
3423 1112
3035 146
2454 926
3116 2675
1595 1034
3706 153
646 2604
2766 321
4889 218
2656 3777
3205 313
17 783
3026 351
4276 4417
2438 2377
2831 339
3301 968
3414 420
4152 3866
3656 1920
1054 1157
4269 2985
3518 4501
4621 2168
800 737
1903 3512
3879 4856
3890 2007
766 2119
810 1754
1951 2773
4296 1094
3561 1942
3650 4724
2883 3125
2500 3635
3236 303
618 3711
3259 2794
3061 806
3310 1189
1452 4803
778 4791
4799 569
2178 220
2004 3317
3966 4184
4655 4120
1252 68
1572 2223
2175 3135
116 2284
499 2864
87 1138
787 316
1529 4011
3988 4872
3330 4356
3571 1411
2558 490
2678 3576
4726 2186
2451 3520
2394 1568
3290 4837
62 4718
1002 1677
969 2971
1688 1828
3373 686
748 1540
2530 4716
2309 3930
795 3645
196 10
1758 1192
3679 4840
270 1410
4207 2453
1841 1752
3546 2942
4481 2058
4515 841
4454 228
729 2508
3891 4567
3196 3834
551 2235
760 506
1134 3438
3965 4962
3967 4579
2456 1377
4173 4107
3168 322
951 2828
6 2056
4361 3271
3246 1223
3626 33
2691 4505
4405 3173
4205 3503
2259 4104
2331 263
3072 4956
27 700
1496 1232
1645 4983
1543 3744
1489 4685
3778 4729
2133 4930
3362 3610
1598 3183
1409 577
1784 2376
2937 3713
1965 43
2253 3070
2537 4321
2920 1131
4450 3687
4705 1561
2460 505
267 1802
2220 2108
1462 524
2634 676
2089 4219
1123 3580
1861 2468
2631 730
4251 2210
2845 4130
3337 4438
1243 1832
3485 4218
3144 400
511 977
4924 1988
3755 862
2330 4975
1492 2077
517 4854
838 857
3441 3417
3933 627
2949 4436
1424 3450
3663 3718
4628 4963
3496 1885
2903 1081
4138 244
3927 4004
4519 3096
1961 3446
4363 4662
752 4050
4739 1250
3918 1589
3760 1577
2928 3253
295 2493
189 2510
2696 1023
2915 2785
739 4885
789 4533
2277 2078
2255 1807
1074 1948
3192 4403
4368 164
1046 3203
1536 338
1619 4273
2132 4565
1632 774
3198 594
2000 1188
4013 4307
2352 2060
1935 1392
2040 3360
2005 1745
1686 1648
121 2707
3493 4037
4224 2316
4155 2044
4277 3535
3346 197
4866 1910
2929 3132
1909 3570
135 1904
2165 1687
2169 1651
4612 3823
3048 3574
1773 2567
3827 2484
4482 2556
744 2135
865 2128
821 3472
3237 2582
2263 3937
4054 4602
2551 3975
3664 3215
588 3837
4244 3636
4587 2808
2565 2192
1199 3592
4227 1870
3047 3875
2489 4234
372 1744
602 4506
4636 2155
1722 2318
3597 2427
4750 1882
16 1106
461 620
826 4049
2205 4265
3261 1202
3984 4452
2081 3083
1966 2932
3225 4263
3985 60
4547 1578
3582 3697
1544 4939
4699 4483
2629 1021
3708 466
697 3504
462 1622
4950 3685
3321 2286
1516 2339
4986 3326
4681 1389
3863 3956
3987 1843
2658 4052
3106 1105
1119 2433
3331 1168
4416 2463
2074 2711
3020 4831
2224 1905
2100 2816
3130 1592
3792 3233
1109 3444
4948 3977
1602 2934
647 4289
4538 3121
3902 693
2102 1560
3210 3156
2950 4540
731 3340
1719 2648
1808 2838
2305 3456
493 4951
4335 712
575 3579
2657 3836
746 3981
2968 4870
174 2796
268 2029
4077 562
3006 1127
475 1430
4844 684
1036 3058
3323 1946
212 546
4169 661
785 3881
4102 3084
2340 2877
3434 235
1772 758
3511 2024
4710 1436
256 3281
3855 802
3064 292
4573 1360
2668 4754
2344 2765
2528 2
4802 2673
90 450
2385 3207
824 4742
909 96
1933 3602
3134 3129
976 2009
1853 431
2161 4967
4613 4780
4338 1528
2606 3478
509 997
4772 1039
4576 2945
3540 4784
1581 3939
4457 4059
2080 2718
1586 1288
3126 3067
4235 44
3807 1051
4406 1427
1819 4654
3821 2795
4214 211
2301 515
195 960
3389 2655
4061 1533
4256 2448
1255 3780
4669 3250
4422 3395
438 2379
1972 1628
4149 3315
4949 4560
2308 1661
1739 2425
4737 161
4160 4461
3267 2428
798 3309
2122 2095
373 2640
2742 3603
443 1287
1547 3659
1401 2635
468 3123
2775 541
1342 4905
2218 3484
51 95
3429 223
143 4349
3426 2296
4250 2480
2151 4006
2866 3185
1647 4170
1606 771
2215 653
1307 4105
966 3122
469 1026
4673 1729
1557 1295
2358 2117
624 1590
1969 691
2299 2595
1854 2378
3724 360
2721 1945
4352 496
3055 2754
898 31
4653 3044
2410 749
1812 4894
1777 3292
2723 4622
2414 3611
206 1855
4489 4301
1997 4374
4898 971
2692 1603
3742 2257
4753 3418
829 3088
3950 3024
724 273
942 4394
2421 3304
2793 1810
2167 4193
3400 4920
605 3615
2892 1897
4442 1178
4524 1273
3991 1353
1275 1 5001
55 2 5002
789 1 5003
616 2 5004
1644 1 5005
139 2 5006
2322 1 5007
96 1 5008
89 1 5009
1330 2 5010
1136 2 5011
658 1 5012
527 1 5013
856 2 5014
2238 1 5015
1956 1 5016
311 1 5017
1942 1 5018
1732 1 5019
2042 1 5020
294 2 5021
1549 1 5022
1624 1 5023
2415 2 5024
209 1 5025
735 1 5026
1745 2 5027
1969 2 5028
2452 2 5029
283 2 5030
2192 1 5031
1292 1 5032
962 1 5033
372 2 5034
181 1 5035
531 2 5036
198 2 5037
506 2 5038
2389 1 5039
2020 1 5040
615 2 5041
137 2 5042
1426 2 5043
2403 1 5044
580 2 5045
2396 2 5046
792 1 5047
1046 1 5048
1239 2 5049
588 1 5050
1480 1 5051
1898 1 5052
2141 1 5053
1396 2 5054
36 1 5055
551 1 5056
255 2 5057
495 1 5058
196 1 5059
367 2 5060
69 1 5061
276 1 5062
1590 2 5063
702 2 5064
490 1 5065
1054 1 5066
649 2 5067
1391 1 5068
738 2 5069
1241 1 5070
1217 2 5071
429 2 5072
1377 1 5073
1662 1 5074
1217 1 5075
501 2 5076
1349 2 5077
1698 1 5078
1006 2 5079
177 1 5080
2376 2 5081
1678 1 5082
921 1 5083
2222 2 5084
789 1 5085
1336 1 5086
1220 1 5087
2472 1 5088
2278 1 5089
911 1 5090
811 2 5091
1273 2 5092
740 2 5093
1058 2 5094
1888 1 5095
1394 2 5096
1087 1 5097
1981 1 5098
1891 1 5099
179 1 5100
794 1 5101
2061 1 5102
1154 2 5103
1946 2 5104
128 2 5105
1107 1 5106
2209 1 5107
2452 2 5108
1256 1 5109
969 2 5110
1797 2 5111
1889 1 5112
1353 1 5113
1618 1 5114
2327 1 5115
2435 1 5116
561 2 5117
1333 2 5118
1553 1 5119
615 1 5120
830 2 5121
653 2 5122
212 2 5123
741 1 5124
695 1 5125
1109 1 5126
412 2 5127
2259 2 5128
885 1 5129
2261 2 5130
998 2 5131
385 2 5132
627 2 5133
494 2 5134
1528 1 5135
805 1 5136
489 2 5137
1182 2 5138
2165 2 5139
1100 1 5140
399 1 5141
2480 1 5142
745 1 5143
726 2 5144
772 1 5145
1571 2 5146
579 2 5147
1429 2 5148
471 1 5149
1430 1 5150
276 2 5151
1086 1 5152
2430 2 5153
1076 1 5154
1217 2 5155
1901 2 5156
2459 2 5157
1853 1 5158
960 1 5159
1532 2 5160
233 2 5161
1354 1 5162
2066 2 5163
1748 1 5164
1233 1 5165
277 2 5166
1230 2 5167
1609 1 5168
158 1 5169
417 1 5170
1403 2 5171
2281 2 5172
1536 2 5173
893 1 5174
1770 1 5175
297 1 5176
996 2 5177
184 1 5178
1035 2 5179
1137 1 5180
218 2 5181
165 2 5182
671 1 5183
2162 1 5184
388 2 5185
2324 2 5186
1928 2 5187
1203 1 5188
1708 1 5189
1682 2 5190
1906 2 5191
811 1 5192
1377 1 5193
769 2 5194
1990 1 5195
2320 2 5196
645 1 5197
1668 1 5198
1930 1 5199
2374 2 5200
1417 1 5201
662 2 5202
1486 1 5203
215 1 5204
2082 2 5205
1658 1 5206
2452 1 5207
1472 2 5208
728 2 5209
447 2 5210
2060 1 5211
1257 2 5212
674 2 5213
1633 1 5214
907 2 5215
992 1 5216
2279 2 5217
1197 2 5218
1155 2 5219
1761 1 5220
1146 2 5221
908 2 5222
1452 1 5223
2331 1 5224
1074 2 5225
1136 2 5226
544 2 5227
2004 2 5228
185 2 5229
928 1 5230
1887 1 5231
1272 2 5232
1148 2 5233
1539 2 5234
990 1 5235
138 1 5236
1160 1 5237
1669 1 5238
1351 1 5239
128 2 5240
754 2 5241
243 1 5242
1806 1 5243
138 1 5244
479 1 5245
162 2 5246
1569 2 5247
1274 1 5248
1579 1 5249
115 2 5250
488 2 5251
1213 1 5252
1353 1 5253
720 2 5254
1376 2 5255
1071 2 5256
60 1 5257
744 1 5258
1299 1 5259
1514 1 5260
1926 1 5261
950 2 5262
297 2 5263
487 1 5264
345 2 5265
298 1 5266
2491 2 5267
1406 2 5268
1924 1 5269
2108 2 5270
1235 2 5271
473 2 5272
261 2 5273
1400 2 5274
618 1 5275
500 2 5276
1660 1 5277
416 2 5278
2031 2 5279
238 1 5280
808 2 5281
22 2 5282
1005 2 5283
541 1 5284
741 2 5285
1720 2 5286
85 2 5287
261 2 5288
395 2 5289
29 1 5290
427 1 5291
93 1 5292
1085 2 5293
296 2 5294
844 2 5295
2347 1 5296
1554 2 5297
953 1 5298
309 2 5299
1895 2 5300
580 2 5301
1405 2 5302
968 2 5303
1307 2 5304
1108 1 5305
17 2 5306
306 1 5307
2160 1 5308
99 1 5309
1359 2 5310
767 2 5311
902 2 5312
1366 1 5313
1270 1 5314
268 2 5315
1939 2 5316
1862 1 5317
785 1 5318
438 2 5319
875 2 5320
2103 2 5321
2419 2 5322
1739 1 5323
2305 2 5324
1052 2 5325
435 1 5326
380 2 5327
288 2 5328
800 2 5329
865 2 5330
992 1 5331
2357 2 5332
1350 2 5333
379 2 5334
1518 1 5335
770 1 5336
1593 1 5337
720 2 5338
1079 2 5339
1520 2 5340
663 1 5341
1122 2 5342
239 1 5343
1231 1 5344
513 2 5345
1167 2 5346
1123 1 5347
1069 2 5348
1924 2 5349
1363 1 5350
633 2 5351
1395 2 5352
1317 2 5353
1115 2 5354
1177 1 5355
2125 2 5356
452 2 5357
860 1 5358
768 2 5359
1389 2 5360
2156 1 5361
1727 2 5362
1740 2 5363
2476 2 5364
2236 1 5365
1477 2 5366
1102 1 5367
1182 2 5368
2346 2 5369
2340 2 5370
221 2 5371
2001 1 5372
1644 2 5373
1515 2 5374
1112 1 5375
1798 2 5376
985 1 5377
873 1 5378
1884 2 5379
1681 2 5380
247 1 5381
1606 1 5382
532 2 5383
256 1 5384
843 2 5385
1487 1 5386
2232 2 5387
123 1 5388
325 2 5389
1325 2 5390
474 1 5391
1328 1 5392
188 1 5393
1749 2 5394
633 1 5395
812 1 5396
2424 1 5397
2029 1 5398
486 2 5399
807 1 5400
1633 2 5401
1200 1 5402
1096 1 5403
367 2 5404
937 2 5405
2097 2 5406
335 1 5407
1353 1 5408
1254 1 5409
1416 2 5410
2157 1 5411
1873 2 5412
515 2 5413
1362 1 5414
1285 2 5415
1225 1 5416
2486 1 5417
1508 1 5418
859 1 5419
1530 1 5420
596 1 5421
1487 2 5422
333 1 5423
628 2 5424
1958 2 5425
1833 2 5426
31 1 5427
2345 1 5428
888 2 5429
1189 1 5430
463 2 5431
1950 1 5432
49 1 5433
602 2 5434
221 1 5435
319 2 5436
1664 2 5437
2308 2 5438
822 1 5439
973 2 5440
860 1 5441
1100 1 5442
1392 2 5443
659 1 5444
8 1 5445
1607 2 5446
823 2 5447
2088 2 5448
606 2 5449
1590 1 5450
420 2 5451
2230 2 5452
1219 1 5453
803 1 5454
353 2 5455
377 1 5456
552 2 5457
541 1 5458
58 2 5459
927 2 5460
274 2 5461
1495 1 5462
2469 1 5463
2385 1 5464
1625 1 5465
177 1 5466
798 1 5467
979 2 5468
608 2 5469
2236 2 5470
2 2 5471
2479 2 5472
399 1 5473
57 1 5474
2427 1 5475
641 2 5476
2458 2 5477
2425 2 5478
993 2 5479
1348 2 5480
2467 1 5481
813 1 5482
1598 2 5483
2146 2 5484
1635 1 5485
895 1 5486
530 1 5487
615 1 5488
1343 1 5489
1223 1 5490
1202 2 5491
1818 1 5492
2204 1 5493
205 1 5494
2348 1 5495
933 1 5496
1507 2 5497
312 2 5498
1392 1 5499
708 2 5500
1797 1 5501
2048 2 5502
1540 1 5503
1897 2 5504
1206 2 5505
479 1 5506
1572 1 5507
2093 1 5508
2205 1 5509
2048 2 5510
1641 2 5511
1444 2 5512
1185 2 5513
550 2 5514
1669 2 5515
1376 1 5516
1593 1 5517
888 2 5518
1364 2 5519
2266 2 5520
720 2 5521
209 2 5522
1219 1 5523
1654 2 5524
668 1 5525
329 2 5526
1992 2 5527
938 2 5528
1766 1 5529
209 1 5530
627 2 5531
582 2 5532
1611 1 5533
1938 2 5534
214 2 5535
37 2 5536
2475 1 5537
302 1 5538
2373 1 5539
1841 1 5540
717 2 5541
312 2 5542
969 2 5543
2498 2 5544
1764 1 5545
1787 2 5546
272 2 5547
1143 1 5548
2123 2 5549
463 2 5550
2070 2 5551
1290 2 5552
1541 1 5553
2192 2 5554
325 1 5555
1963 2 5556
1136 2 5557
2010 2 5558
589 2 5559
704 1 5560
2401 2 5561
1239 1 5562
2492 2 5563
1898 2 5564
777 1 5565
881 2 5566
2037 2 5567
973 2 5568
1233 2 5569
2138 2 5570
1443 1 5571
451 2 5572
594 1 5573
869 1 5574
2199 2 5575
2396 1 5576
2149 1 5577
625 1 5578
1689 1 5579
127 2 5580
2062 2 5581
886 1 5582
1882 1 5583
1279 1 5584
980 1 5585
849 1 5586
2080 2 5587
245 1 5588
550 2 5589
251 2 5590
667 1 5591
1559 2 5592
2114 2 5593
349 1 5594
1217 1 5595
770 2 5596
1957 1 5597
381 2 5598
1030 2 5599
1858 2 5600
1952 2 5601
690 1 5602
1867 1 5603
1185 1 5604
1424 2 5605
579 1 5606
1838 2 5607
292 1 5608
1282 1 5609
1152 1 5610
663 2 5611
1643 2 5612
2130 2 5613
202 1 5614
283 1 5615
304 1 5616
779 2 5617
1390 2 5618
724 2 5619
384 1 5620
1784 1 5621
1654 2 5622
558 1 5623
2279 2 5624
1824 1 5625
1565 1 5626
2203 1 5627
827 2 5628
54 2 5629
1794 2 5630
51 2 5631
1613 2 5632
832 2 5633
948 2 5634
671 1 5635
1713 2 5636
1219 1 5637
1602 2 5638
853 1 5639
1877 2 5640
2448 1 5641
2368 2 5642
477 1 5643
1257 1 5644
236 2 5645
2427 2 5646
17 1 5647
1771 2 5648
979 2 5649
25 1 5650
1413 1 5651
1732 1 5652
1008 1 5653
1585 1 5654
2322 2 5655
944 2 5656
1954 1 5657
1098 1 5658
1898 1 5659
625 2 5660
1092 2 5661
412 2 5662
721 1 5663
136 2 5664
1325 2 5665
1799 2 5666
2425 1 5667
1989 2 5668
911 2 5669
1606 1 5670
590 2 5671
106 2 5672
479 1 5673
1574 2 5674
1901 1 5675
1044 1 5676
154 1 5677
910 2 5678
488 1 5679
311 2 5680
297 1 5681
496 1 5682
1995 1 5683
837 1 5684
1521 2 5685
1114 2 5686
111 2 5687
1591 2 5688
2450 2 5689
215 1 5690
1078 1 5691
1305 2 5692
147 2 5693
82 2 5694
2341 1 5695
368 1 5696
1983 2 5697
2199 2 5698
839 1 5699
479 2 5700
1808 1 5701
691 2 5702
1311 1 5703
689 2 5704
1287 1 5705
1656 1 5706
190 1 5707
52 2 5708
1349 1 5709
1921 1 5710
2060 2 5711
204 1 5712
535 1 5713
525 2 5714
2310 2 5715
2075 2 5716
2486 2 5717
147 1 5718
102 1 5719
2470 1 5720
43 2 5721
1274 2 5722
1096 2 5723
1225 2 5724
298 2 5725
958 2 5726
1937 1 5727
2034 2 5728
1218 2 5729
1292 2 5730
2291 2 5731
225 2 5732
1646 2 5733
1698 2 5734
1682 2 5735
981 2 5736
24 2 5737
1903 2 5738
96 1 5739
800 2 5740
486 1 5741
517 1 5742
1269 2 5743
458 1 5744
955 1 5745
958 2 5746
1978 2 5747
518 2 5748
1125 1 5749
1510 1 5750
1153 1 5751
2454 2 5752
2188 1 5753
466 1 5754
1002 2 5755
638 2 5756
971 1 5757
783 2 5758
1314 1 5759
316 1 5760
454 1 5761
906 1 5762
1275 1 5763
557 1 5764
2045 1 5765
505 1 5766
2182 1 5767
65 1 5768
691 1 5769
1167 1 5770
778 2 5771
2090 1 5772
259 1 5773
1291 2 5774
1270 1 5775
737 2 5776
311 1 5777
325 1 5778
2055 2 5779
278 2 5780
2004 1 5781
1853 2 5782
1321 2 5783
1319 1 5784
491 1 5785
1479 2 5786
2429 1 5787
2412 1 5788
1205 1 5789
149 2 5790
1005 2 5791
224 2 5792
19 2 5793
213 2 5794
1633 2 5795
217 2 5796
1237 1 5797
169 2 5798
266 2 5799
899 1 5800
26 2 5801
2332 1 5802
2446 1 5803
1513 1 5804
357 2 5805
1525 2 5806
2077 2 5807
905 1 5808
212 2 5809
1960 1 5810
1009 2 5811
267 2 5812
517 2 5813
2026 1 5814
2202 2 5815
377 1 5816
2003 1 5817
1620 1 5818
2009 2 5819
2392 2 5820
2052 1 5821
552 2 5822
2120 1 5823
452 1 5824
2493 1 5825
393 1 5826
1935 1 5827
2003 1 5828
1130 1 5829
1850 1 5830
1412 1 5831
857 2 5832
510 1 5833
1406 2 5834
1327 2 5835
989 2 5836
2152 2 5837
1080 1 5838
1253 1 5839
1258 2 5840
1547 2 5841
796 1 5842
356 1 5843
201 1 5844
1414 2 5845
2100 2 5846
2144 2 5847
1244 1 5848
2231 1 5849
87 2 5850
234 1 5851
232 1 5852
587 1 5853
2471 2 5854
372 2 5855
121 1 5856
239 1 5857
1770 2 5858
1991 2 5859
1505 1 5860
1932 1 5861
1048 1 5862
2462 2 5863
2053 2 5864
787 2 5865
126 2 5866
296 2 5867
341 1 5868
629 2 5869
465 1 5870
2118 1 5871
603 2 5872
354 1 5873
958 1 5874
236 1 5875
384 1 5876
1885 1 5877
2350 2 5878
1891 2 5879
844 1 5880
2401 2 5881
1103 2 5882
1897 1 5883
1461 2 5884
692 2 5885
2212 2 5886
1846 2 5887
616 1 5888
763 1 5889
132 1 5890
1327 1 5891
381 2 5892
219 1 5893
803 2 5894
1170 1 5895
2238 2 5896
2405 2 5897
770 1 5898
535 2 5899
1943 2 5900
290 2 5901
1134 2 5902
1696 2 5903
1410 1 5904
455 1 5905
1732 2 5906
1521 2 5907
2252 2 5908
1848 1 5909
1178 1 5910
1291 1 5911
1393 2 5912
88 2 5913
571 2 5914
1128 2 5915
695 1 5916
974 2 5917
194 2 5918
1660 2 5919
1435 1 5920
336 1 5921
2347 1 5922
289 2 5923
365 1 5924
379 1 5925
1399 1 5926
1575 1 5927
775 2 5928
1372 2 5929
919 1 5930
879 2 5931
2026 2 5932
48 1 5933
256 2 5934
1675 2 5935
1814 1 5936
2492 2 5937
1324 2 5938
1407 2 5939
409 1 5940
1557 2 5941
362 2 5942
272 1 5943
1356 1 5944
467 1 5945
893 2 5946
1680 2 5947
2051 2 5948
1705 1 5949
1365 2 5950
39 2 5951
352 1 5952
1378 2 5953
607 1 5954
1163 2 5955
1551 2 5956
460 1 5957
316 2 5958
2080 1 5959
166 1 5960
1801 2 5961
2085 2 5962
2444 1 5963
1374 1 5964
416 2 5965
1276 1 5966
470 2 5967
1991 2 5968
1586 1 5969
996 1 5970
590 1 5971
1167 2 5972
478 2 5973
884 1 5974
1722 2 5975
827 2 5976
1884 1 5977
1280 2 5978
17 1 5979
1219 1 5980
917 2 5981
2277 2 5982
772 1 5983
537 1 5984
1681 1 5985
1700 1 5986
1847 2 5987
2345 2 5988
102 1 5989
574 2 5990
1883 1 5991
250 1 5992
1850 1 5993
388 2 5994
1097 2 5995
238 1 5996
1316 1 5997
2248 1 5998
2111 2 5999
2017 2 6000
1014 2 6001
1598 1 6002
1206 1 6003
22 2 6004
629 1 6005
330 1 6006
1437 2 6007
1359 2 6008
2090 2 6009
1015 2 6010
1948 2 6011
1644 2 6012
589 1 6013
1785 2 6014
357 1 6015
455 1 6016
1465 2 6017
1026 2 6018
1835 2 6019
249 2 6020
93 1 6021
1713 1 6022
2166 1 6023
146 2 6024
2288 2 6025
1481 1 6026
1796 1 6027
104 2 6028
341 1 6029
77 2 6030
657 1 6031
1572 1 6032
682 2 6033
1352 2 6034
783 2 6035
1266 1 6036
2344 1 6037
1694 2 6038
382 1 6039
2256 1 6040
452 2 6041
2468 1 6042
239 1 6043
1770 1 6044
1139 1 6045
1955 2 6046
819 1 6047
2411 1 6048
2126 1 6049
269 1 6050
1153 2 6051
1881 2 6052
1518 1 6053
893 2 6054
1059 1 6055
1848 2 6056
1319 1 6057
1494 2 6058
1328 1 6059
627 2 6060
631 2 6061
460 2 6062
2316 1 6063
36 1 6064
948 1 6065
1771 1 6066
1585 2 6067
251 1 6068
545 2 6069
319 1 6070
475 1 6071
1842 2 6072
2360 1 6073
302 2 6074
1719 1 6075
1702 2 6076
2046 2 6077
450 2 6078
1619 1 6079
1223 2 6080
1940 2 6081
725 2 6082
2219 2 6083
375 1 6084
319 1 6085
2258 1 6086
689 1 6087
2499 2 6088
551 2 6089
1692 1 6090
973 1 6091
1067 1 6092
1843 1 6093
1771 1 6094
884 2 6095
421 2 6096
1422 1 6097
192 2 6098
652 1 6099
245 1 6100
822 2 6101
1676 2 6102
1225 2 6103
1605 1 6104
341 2 6105
2252 1 6106
1592 2 6107
934 1 6108
890 1 6109
842 2 6110
2319 2 6111
1476 1 6112
815 2 6113
1458 2 6114
78 2 6115
61 1 6116
701 1 6117
1420 1 6118
523 1 6119
690 2 6120
1916 1 6121
831 1 6122
1814 1 6123
1683 1 6124
315 2 6125
2263 1 6126
285 1 6127
578 2 6128
2230 2 6129
1469 2 6130
1652 1 6131
564 1 6132
833 1 6133
391 2 6134
1392 2 6135
945 1 6136
2470 1 6137
440 2 6138
1278 2 6139
883 1 6140
451 2 6141
1083 1 6142
2485 1 6143
615 2 6144
203 2 6145
1947 2 6146
2159 2 6147
97 1 6148
1928 1 6149
1031 2 6150
439 1 6151
1423 1 6152
143 1 6153
2183 2 6154
557 2 6155
109 2 6156
1672 2 6157
1437 2 6158
259 2 6159
2117 1 6160
2458 2 6161
880 1 6162
645 2 6163
1336 2 6164
669 1 6165
606 2 6166
1912 1 6167
2498 1 6168
33 1 6169
853 1 6170
1498 1 6171
857 1 6172
2268 2 6173
1033 2 6174
427 2 6175
2458 1 6176
1960 2 6177
1046 2 6178
1408 1 6179
1173 1 6180
1844 1 6181
1415 2 6182
2315 1 6183
280 1 6184
686 1 6185
1185 2 6186
2081 1 6187
1376 2 6188
1111 1 6189
279 2 6190
1061 2 6191
385 1 6192
1711 1 6193
1895 1 6194
987 1 6195
1097 2 6196
2125 2 6197
1295 2 6198
2161 1 6199
1325 1 6200
325 2 6201
1163 1 6202
1154 2 6203
1613 1 6204
791 1 6205
735 1 6206
42 2 6207
1575 2 6208
1633 1 6209
1598 1 6210
2143 2 6211
2359 2 6212
1113 1 6213
2432 2 6214
929 1 6215
459 2 6216
86 1 6217
1203 1 6218
1073 2 6219
2484 1 6220
138 2 6221
1830 1 6222
1337 1 6223
850 1 6224
1122 2 6225
2300 2 6226
1533 2 6227
2023 1 6228
1999 2 6229
1336 1 6230
2395 2 6231
1720 2 6232
1813 2 6233
1077 1 6234
1747 1 6235
1581 1 6236
423 2 6237
1799 2 6238
1343 2 6239
528 1 6240
716 2 6241
2099 2 6242
1278 1 6243
145 1 6244
1075 1 6245
395 2 6246
812 1 6247
2471 2 6248
2299 1 6249
1482 1 6250
515 2 6251
2012 1 6252
94 1 6253
2094 1 6254
1042 1 6255
1748 1 6256
149 1 6257
2065 2 6258
2209 2 6259
1310 2 6260
2373 1 6261
371 1 6262
414 2 6263
884 1 6264
1203 1 6265
413 1 6266
1189 1 6267
1906 1 6268
1244 1 6269
1268 1 6270
1740 2 6271
2210 2 6272
800 1 6273
2057 1 6274
1747 2 6275
61 2 6276
1218 1 6277
1070 1 6278
2227 2 6279
1679 2 6280
1477 1 6281
546 2 6282
1370 2 6283
1638 2 6284
2327 1 6285
1224 2 6286
64 1 6287
2307 2 6288
186 1 6289
1000 2 6290
586 1 6291
1338 1 6292
1861 1 6293
519 1 6294
650 1 6295
2461 2 6296
1366 1 6297
2106 2 6298
665 2 6299
1216 1 6300
1321 1 6301
2210 2 6302
838 1 6303
686 2 6304
2249 1 6305
1340 2 6306
436 1 6307
1797 2 6308
1558 1 6309
2338 1 6310
1204 1 6311
881 2 6312
868 2 6313
1303 2 6314
1190 2 6315
1781 2 6316
930 2 6317
1234 2 6318
2439 1 6319
1815 2 6320
1627 2 6321
2371 2 6322
436 1 6323
115 1 6324
437 2 6325
47 1 6326
2219 1 6327
291 2 6328
1501 2 6329
2291 1 6330
1337 2 6331
1580 1 6332
1888 2 6333
217 1 6334
2450 1 6335
1142 2 6336
2071 1 6337
2184 1 6338
239 2 6339
923 2 6340
179 1 6341
1463 1 6342
305 2 6343
1232 1 6344
1812 1 6345
989 2 6346
106 1 6347
349 1 6348
397 1 6349
1789 1 6350
227 2 6351
1764 1 6352
1585 2 6353
171 1 6354
1483 2 6355
1153 2 6356
691 2 6357
2201 2 6358
2346 2 6359
1210 2 6360
1558 2 6361
826 2 6362
1150 1 6363
1584 1 6364
2024 1 6365
200 2 6366
874 1 6367
1151 2 6368
370 1 6369
1569 1 6370
2106 1 6371
1597 2 6372
289 1 6373
1405 1 6374
2440 1 6375
1791 1 6376
422 2 6377
1833 2 6378
432 2 6379
2205 1 6380
41 2 6381
706 1 6382
2471 2 6383
181 1 6384
417 1 6385
549 1 6386
2199 2 6387
476 2 6388
73 1 6389
75 2 6390
1121 2 6391
206 2 6392
316 2 6393
838 1 6394
1536 2 6395
2181 1 6396
585 2 6397
401 1 6398
2199 1 6399
410 2 6400
1102 2 6401
2403 1 6402
1979 1 6403
1353 1 6404
924 1 6405
1580 2 6406
356 2 6407
700 2 6408
2028 1 6409
1329 1 6410
559 1 6411
591 2 6412
867 2 6413
527 2 6414
2309 1 6415
2416 2 6416
1745 1 6417
1775 2 6418
532 1 6419
84 2 6420
1537 1 6421
923 2 6422
1657 1 6423
1739 1 6424
2094 2 6425
778 2 6426
1495 1 6427
355 1 6428
79 2 6429
1887 2 6430
1698 2 6431
1665 2 6432
1859 1 6433
786 1 6434
680 1 6435
501 1 6436
484 1 6437
608 2 6438
848 1 6439
1973 1 6440
515 2 6441
1878 1 6442
654 1 6443
1778 2 6444
1725 2 6445
1741 2 6446
52 2 6447
2116 2 6448
2231 1 6449
167 2 6450
1806 1 6451
1297 2 6452
937 2 6453
1443 2 6454
602 1 6455
2278 2 6456
2050 1 6457
600 2 6458
212 1 6459
715 1 6460
1289 1 6461
1406 1 6462
1145 1 6463
194 1 6464
1317 2 6465
1710 2 6466
899 1 6467
1227 1 6468
157 1 6469
2073 2 6470
1834 2 6471
796 2 6472
2163 2 6473
1892 2 6474
1751 1 6475
2342 1 6476
640 2 6477
97 1 6478
312 1 6479
1853 1 6480
1117 1 6481
971 1 6482
129 2 6483
1611 1 6484
571 2 6485
313 1 6486
452 2 6487
1397 1 6488
1147 1 6489
39 2 6490
709 2 6491
111 2 6492
129 1 6493
2450 2 6494
1965 2 6495
927 2 6496
2296 1 6497
915 1 6498
866 1 6499
649 1 6500
1903 1 6501
443 2 6502
952 1 6503
1328 2 6504
424 2 6505
1911 2 6506
845 1 6507
1358 1 6508
2144 1 6509
957 1 6510
665 1 6511
1611 1 6512
1072 2 6513
369 2 6514
1249 2 6515
330 1 6516
217 1 6517
507 1 6518
611 1 6519
1061 1 6520
1384 2 6521
1806 2 6522
1115 2 6523
2404 1 6524
1062 1 6525
2419 1 6526
1691 2 6527
1593 1 6528
2156 2 6529
997 2 6530
1423 1 6531
997 2 6532
1266 1 6533
2442 1 6534
992 2 6535
304 1 6536
1830 2 6537
1784 1 6538
504 2 6539
2396 2 6540
1070 1 6541
1302 2 6542
271 2 6543
566 2 6544
49 2 6545
39 1 6546
94 1 6547
626 2 6548
549 1 6549
95 1 6550
919 2 6551
138 1 6552
1299 2 6553
1227 2 6554
2382 2 6555
2403 2 6556
624 1 6557
588 2 6558
2005 1 6559
2405 2 6560
2320 2 6561
900 2 6562
28 2 6563
1921 1 6564
442 1 6565
462 1 6566
141 1 6567
1334 1 6568
1562 1 6569
1381 1 6570
2163 1 6571
551 1 6572
156 1 6573
889 2 6574
858 2 6575
430 2 6576
1782 1 6577
1223 1 6578
644 1 6579
1471 1 6580
2285 2 6581
140 1 6582
2032 2 6583
2372 1 6584
527 1 6585
1189 2 6586
1559 2 6587
1306 1 6588
166 2 6589
471 1 6590
688 2 6591
141 1 6592
834 2 6593
2100 2 6594
2139 1 6595
263 2 6596
607 1 6597
1367 2 6598
718 2 6599
1269 2 6600
2194 2 6601
1163 2 6602
2088 2 6603
1963 2 6604
695 1 6605
1952 1 6606
2417 2 6607
1559 2 6608
1225 1 6609
1447 2 6610
851 1 6611
2301 2 6612
2231 2 6613
1785 2 6614
1730 1 6615
1095 2 6616
23 1 6617
563 1 6618
416 1 6619
2066 2 6620
82 2 6621
1363 2 6622
2449 1 6623
1154 2 6624
889 2 6625
2129 2 6626
838 2 6627
493 2 6628
2001 1 6629
1885 1 6630
1573 2 6631
2340 1 6632
1147 1 6633
794 1 6634
118 2 6635
920 2 6636
524 2 6637
1472 1 6638
1334 2 6639
1764 2 6640
1200 2 6641
1664 2 6642
495 1 6643
2260 2 6644
534 1 6645
460 1 6646
1421 1 6647
1339 1 6648
1765 2 6649
1515 2 6650
1198 1 6651
911 1 6652
423 2 6653
2336 1 6654
1514 1 6655
589 1 6656
245 1 6657
366 1 6658
1862 1 6659
341 1 6660
1144 1 6661
2388 2 6662
544 2 6663
1229 2 6664
2025 2 6665
2342 2 6666
1656 1 6667
845 1 6668
1221 2 6669
642 2 6670
1920 1 6671
2023 1 6672
1212 1 6673
2343 1 6674
1820 2 6675
1036 1 6676
521 1 6677
95 2 6678
593 2 6679
2108 2 6680
335 1 6681
2460 1 6682
589 2 6683
1422 2 6684
1357 2 6685
794 2 6686
524 1 6687
316 1 6688
938 2 6689
1989 2 6690
724 2 6691
289 2 6692
1456 1 6693
2216 2 6694
2405 2 6695
662 2 6696
2252 1 6697
308 2 6698
824 2 6699
196 1 6700
967 2 6701
664 2 6702
1771 1 6703
899 1 6704
1066 2 6705
1078 1 6706
842 2 6707
1993 1 6708
1354 2 6709
2152 2 6710
1875 2 6711
1867 2 6712
315 2 6713
1310 2 6714
1829 2 6715
441 1 6716
284 1 6717
196 1 6718
2104 1 6719
1925 1 6720
376 1 6721
2165 1 6722
1058 1 6723
1167 1 6724
1997 1 6725
241 1 6726
2326 2 6727
1929 1 6728
2048 1 6729
2406 1 6730
125 1 6731
72 2 6732
806 2 6733
1271 1 6734
1527 2 6735
1256 2 6736
2028 2 6737
523 1 6738
2065 1 6739
1383 1 6740
1975 2 6741
1113 1 6742
1089 1 6743
878 2 6744
292 2 6745
1816 1 6746
1907 2 6747
1073 2 6748
1443 1 6749
708 2 6750
728 2 6751
1302 1 6752
691 1 6753
1930 2 6754
1742 2 6755
525 1 6756
2387 1 6757
100 2 6758
573 2 6759
473 1 6760
850 1 6761
737 1 6762
359 1 6763
2069 2 6764
1687 1 6765
987 1 6766
304 1 6767
1034 2 6768
860 1 6769
980 1 6770
301 1 6771
898 1 6772
1358 1 6773
1812 2 6774
860 1 6775
1966 2 6776
2357 1 6777
2020 1 6778
1521 2 6779
566 1 6780
1584 1 6781
365 1 6782
1117 1 6783
2152 1 6784
2027 1 6785
1696 1 6786
2194 2 6787
797 1 6788
578 1 6789
75 1 6790
2133 2 6791
753 2 6792
1080 1 6793
2417 2 6794
2201 1 6795
1562 1 6796
504 1 6797
161 2 6798
1345 2 6799
2061 1 6800
1664 1 6801
1319 2 6802
1942 2 6803
718 2 6804
813 1 6805
952 1 6806
1716 2 6807
1231 1 6808
108 1 6809
917 1 6810
448 1 6811
121 2 6812
378 1 6813
2007 2 6814
2060 2 6815
1992 1 6816
2148 1 6817
767 1 6818
1188 2 6819
1193 1 6820
198 1 6821
379 1 6822
2073 2 6823
703 1 6824
2351 1 6825
1994 2 6826
1161 1 6827
1181 1 6828
1834 1 6829
1227 1 6830
1964 2 6831
837 1 6832
1450 2 6833
546 2 6834
452 2 6835
967 2 6836
242 2 6837
308 1 6838
1185 2 6839
1521 2 6840
912 2 6841
2338 1 6842
1356 1 6843
672 2 6844
241 2 6845
2414 1 6846
1571 2 6847
1820 1 6848
2150 1 6849
2487 1 6850
1410 2 6851
107 2 6852
983 1 6853
2356 2 6854
2471 2 6855
574 2 6856
1095 1 6857
1861 1 6858
450 2 6859
1241 2 6860
926 1 6861
1834 2 6862
688 1 6863
638 2 6864
576 2 6865
1910 1 6866
2207 1 6867
1817 1 6868
2423 2 6869
1698 2 6870
1175 1 6871
1856 1 6872
2336 2 6873
509 1 6874
986 2 6875
616 2 6876
369 2 6877
2077 2 6878
1323 1 6879
2253 1 6880
1833 1 6881
1300 1 6882
1582 2 6883
621 1 6884
2449 1 6885
534 1 6886
1293 2 6887
1373 2 6888
596 2 6889
1216 1 6890
140 1 6891
2130 2 6892
1970 2 6893
1223 2 6894
2201 1 6895
1831 2 6896
2243 2 6897
208 1 6898
719 1 6899
2020 2 6900
822 1 6901
1316 1 6902
2402 1 6903
416 1 6904
1050 1 6905
1985 1 6906
580 2 6907
1185 2 6908
1285 2 6909
1922 1 6910
921 2 6911
92 2 6912
804 2 6913
286 2 6914
550 2 6915
2489 2 6916
1296 1 6917
1801 2 6918
1685 1 6919
898 1 6920
1354 1 6921
816 1 6922
18 2 6923
2063 1 6924
1043 2 6925
1204 1 6926
1847 1 6927
410 1 6928
348 2 6929
2362 2 6930
2332 2 6931
1240 1 6932
1421 1 6933
2420 2 6934
2262 2 6935
946 1 6936
1493 1 6937
69 2 6938
1319 2 6939
1340 2 6940
2427 2 6941
960 2 6942
907 1 6943
1527 1 6944
2297 1 6945
2201 1 6946
1900 2 6947
345 2 6948
1220 1 6949
1141 2 6950
94 2 6951
2135 1 6952
837 2 6953
109 1 6954
98 2 6955
1070 1 6956
57 2 6957
42 1 6958
382 1 6959
2082 1 6960
941 1 6961
226 1 6962
1602 2 6963
1033 1 6964
1830 2 6965
1900 2 6966
1139 2 6967
1012 1 6968
900 1 6969
1315 1 6970
2395 2 6971
1375 2 6972
2130 1 6973
1591 1 6974
2059 1 6975
1644 2 6976
1031 2 6977
653 2 6978
10 2 6979
1775 1 6980
869 2 6981
1498 1 6982
639 1 6983
1942 2 6984
1098 1 6985
291 2 6986
1803 2 6987
1390 2 6988
2313 2 6989
926 2 6990
290 2 6991
2171 2 6992
1984 1 6993
1414 2 6994
1109 1 6995
1755 2 6996
1091 2 6997
1402 2 6998
2097 1 6999
2367 2 7000
357 1 7001
38 2 7002
1520 1 7003
2211 2 7004
742 1 7005
923 2 7006
1079 1 7007
2329 1 7008
1154 2 7009
2018 2 7010
6 1 7011
449 2 7012
204 1 7013
2020 1 7014
1626 2 7015
1834 1 7016
871 2 7017
158 2 7018
1896 2 7019
931 2 7020
2009 1 7021
650 2 7022
1690 2 7023
2313 1 7024
1351 2 7025
2448 2 7026
2449 2 7027
1126 1 7028
1886 1 7029
920 2 7030
2469 1 7031
183 1 7032
1647 2 7033
149 2 7034
2231 1 7035
216 2 7036
2294 2 7037
60 1 7038
700 1 7039
1927 2 7040
1674 2 7041
892 2 7042
218 2 7043
2297 1 7044
1147 2 7045
1691 1 7046
21 1 7047
830 2 7048
1041 2 7049
1815 1 7050
1927 1 7051
864 1 7052
342 2 7053
1603 1 7054
2440 1 7055
644 2 7056
915 2 7057
2162 1 7058
2126 1 7059
994 2 7060
1097 1 7061
200 1 7062
1981 2 7063
96 2 7064
117 2 7065
2226 2 7066
1578 2 7067
755 2 7068
1816 1 7069
669 1 7070
1603 2 7071
1263 2 7072
2035 2 7073
2263 2 7074
1284 1 7075
1506 1 7076
1871 1 7077
1571 1 7078
290 2 7079
568 2 7080
1392 2 7081
1288 1 7082
63 2 7083
595 1 7084
2228 1 7085
442 1 7086
315 2 7087
800 2 7088
1917 1 7089
922 1 7090
172 1 7091
559 2 7092
2338 2 7093
2121 1 7094
2322 2 7095
2162 2 7096
2001 1 7097
492 2 7098
1090 2 7099
646 2 7100
567 2 7101
1320 1 7102
2046 1 7103
2255 2 7104
2337 1 7105
1623 1 7106
342 2 7107
111 1 7108
1948 2 7109
2408 2 7110
2368 1 7111
2003 1 7112
264 2 7113
2306 2 7114
2204 1 7115
567 2 7116
1532 1 7117
497 2 7118
2499 1 7119
1629 1 7120
1535 2 7121
2134 2 7122
1599 2 7123
2125 1 7124
928 2 7125
386 1 7126
1636 1 7127
1285 2 7128
2166 1 7129
2175 2 7130
2339 2 7131
490 2 7132
535 2 7133
596 1 7134
1338 2 7135
1800 2 7136
1208 2 7137
1340 2 7138
346 1 7139
142 1 7140
1590 1 7141
474 2 7142
1114 2 7143
402 1 7144
1653 1 7145
1097 2 7146
1425 1 7147
388 2 7148
1852 2 7149
2469 2 7150
96 1 7151
367 1 7152
2395 1 7153
2083 2 7154
539 2 7155
344 1 7156
918 1 7157
957 1 7158
1359 2 7159
1505 2 7160
1359 2 7161
1930 2 7162
1990 2 7163
1123 2 7164
2156 1 7165
2073 1 7166
2496 2 7167
1331 2 7168
240 1 7169
2386 1 7170
66 2 7171
617 2 7172
177 2 7173
833 2 7174
1314 1 7175
2223 2 7176
2224 2 7177
1705 1 7178
404 1 7179
677 1 7180
1933 1 7181
1139 1 7182
1634 2 7183
257 2 7184
223 1 7185
706 2 7186
1832 1 7187
1684 1 7188
1450 1 7189
800 2 7190
1871 1 7191
91 1 7192
94 2 7193
2067 1 7194
2001 1 7195
390 1 7196
2405 2 7197
699 1 7198
1950 1 7199
286 2 7200
9 2 7201
904 2 7202
147 1 7203
2070 2 7204
1757 1 7205
557 2 7206
970 2 7207
456 1 7208
1307 1 7209
551 1 7210
136 1 7211
1708 1 7212
644 2 7213
153 1 7214
1640 1 7215
1593 2 7216
220 2 7217
1201 2 7218
1602 1 7219
2041 1 7220
2482 2 7221
549 2 7222
828 1 7223
321 2 7224
430 1 7225
1773 2 7226
25 1 7227
149 2 7228
1552 1 7229
2345 1 7230
1121 2 7231
1143 2 7232
1474 1 7233
2244 1 7234
1726 1 7235
1007 2 7236
2118 2 7237
23 1 7238
856 1 7239
163 2 7240
1775 2 7241
1365 1 7242
1408 2 7243
364 2 7244
2279 2 7245
2296 2 7246
1952 2 7247
722 1 7248
491 2 7249
2434 1 7250
1065 2 7251
2023 2 7252
1672 1 7253
902 2 7254
2326 2 7255
1336 1 7256
1686 2 7257
587 1 7258
222 2 7259
2241 1 7260
1868 1 7261
725 1 7262
762 1 7263
1752 2 7264
2281 1 7265
1113 1 7266
969 1 7267
454 2 7268
224 1 7269
2417 1 7270
2103 1 7271
1227 2 7272
48 1 7273
2352 1 7274
1974 1 7275
2005 2 7276
2463 1 7277
953 2 7278
1117 2 7279
824 1 7280
1778 1 7281
1603 1 7282
2437 2 7283
2062 2 7284
1290 2 7285
1341 2 7286
421 2 7287
1252 1 7288
1012 1 7289
251 2 7290
2024 1 7291
538 2 7292
1957 2 7293
2094 1 7294
611 1 7295
1018 1 7296
2129 1 7297
399 1 7298
2298 1 7299
1005 1 7300
951 2 7301
1396 1 7302
698 1 7303
2015 1 7304
2214 1 7305
2136 2 7306
113 2 7307
2050 2 7308
264 2 7309
1018 1 7310
1671 1 7311
1675 2 7312
2243 1 7313
1766 2 7314
513 1 7315
682 1 7316
1770 2 7317
321 1 7318
605 1 7319
241 1 7320
1647 1 7321
624 1 7322
1572 2 7323
785 1 7324
526 1 7325
2440 1 7326
1209 1 7327
1806 2 7328
1318 1 7329
2270 1 7330
1639 1 7331
2142 2 7332
655 1 7333
432 1 7334
1363 1 7335
2477 1 7336
2497 1 7337
2297 2 7338
1253 2 7339
2097 2 7340
2027 1 7341
1284 1 7342
766 1 7343
619 2 7344
656 2 7345
2337 2 7346
891 1 7347
743 2 7348
94 1 7349
1433 1 7350
758 1 7351
1375 1 7352
1822 2 7353
1661 1 7354
68 2 7355
1356 2 7356
445 2 7357
2239 1 7358
1605 1 7359
2414 1 7360
380 2 7361
1458 2 7362
1886 1 7363
2255 1 7364
520 2 7365
357 2 7366
1976 1 7367
1568 2 7368
1946 1 7369
1608 1 7370
2033 2 7371
1017 1 7372
842 1 7373
963 2 7374
1426 1 7375
1712 1 7376
822 1 7377
1562 1 7378
442 2 7379
1289 1 7380
2288 1 7381
1683 1 7382
1061 2 7383
246 2 7384
1455 2 7385
1232 1 7386
813 1 7387
872 1 7388
2233 2 7389
538 1 7390
17 2 7391
423 2 7392
1039 1 7393
1767 1 7394
1217 2 7395
770 1 7396
358 1 7397
727 2 7398
355 1 7399
1027 1 7400
283 1 7401
2115 1 7402
271 2 7403
1346 1 7404
918 2 7405
244 2 7406
2095 1 7407
1438 2 7408
1550 2 7409
1335 2 7410
1298 2 7411
92 1 7412
378 2 7413
977 1 7414
156 2 7415
1822 1 7416
1861 1 7417
1812 1 7418
1487 1 7419
97 2 7420
786 1 7421
2283 1 7422
994 1 7423
1822 1 7424
775 2 7425
973 2 7426
1110 1 7427
1425 1 7428
945 2 7429
946 2 7430
1459 1 7431
256 2 7432
925 1 7433
1959 2 7434
338 1 7435
2483 2 7436
164 1 7437
2305 1 7438
2476 2 7439
972 1 7440
1062 2 7441
1681 1 7442
1387 1 7443
2184 2 7444
286 2 7445
1621 2 7446
1816 1 7447
128 2 7448
711 1 7449
2160 1 7450
519 2 7451
1524 1 7452
1864 2 7453
2141 1 7454
1713 2 7455
2273 1 7456
824 2 7457
980 2 7458
83 2 7459
810 1 7460
677 1 7461
830 2 7462
1591 1 7463
65 2 7464
764 2 7465
2424 2 7466
806 2 7467
1682 2 7468
898 2 7469
143 1 7470
2087 2 7471
652 1 7472
76 1 7473
2361 1 7474
2117 2 7475
29 2 7476
10 1 7477
833 1 7478
1649 1 7479
658 2 7480
427 2 7481
1654 1 7482
1843 1 7483
387 2 7484
2162 1 7485
596 1 7486
988 2 7487
642 1 7488
274 2 7489
2192 2 7490
750 1 7491
1703 2 7492
858 2 7493
1519 1 7494
1349 1 7495
2308 1 7496
2396 1 7497
1894 1 7498
1586 1 7499
674 1 7500
29 2 7501
1419 2 7502
1087 1 7503
1981 2 7504
2026 1 7505
2073 2 7506
1036 1 7507
771 2 7508
1228 1 7509
2139 2 7510
2403 2 7511
1209 2 7512
1812 2 7513
1349 2 7514
2436 2 7515
1947 1 7516
650 1 7517
336 1 7518
1884 1 7519
583 1 7520
877 2 7521
1629 2 7522
1681 2 7523
1830 2 7524
460 1 7525
2393 1 7526
711 1 7527
236 1 7528
1753 2 7529
2286 2 7530
1192 1 7531
1403 1 7532
201 1 7533
1579 2 7534
1052 2 7535
15 2 7536
1349 2 7537
2339 2 7538
784 1 7539
870 2 7540
2486 2 7541
2350 2 7542
350 2 7543
477 2 7544
2437 2 7545
1688 1 7546
1062 2 7547
488 1 7548
935 2 7549
1357 1 7550
1662 2 7551
1117 1 7552
117 1 7553
1211 1 7554
2426 1 7555
1309 2 7556
1443 2 7557
1644 2 7558
1167 1 7559
560 2 7560
671 1 7561
714 1 7562
671 1 7563
1104 2 7564
2419 2 7565
2076 1 7566
1230 1 7567
566 1 7568
1466 2 7569
501 1 7570
2153 2 7571
2006 1 7572
1210 2 7573
1269 1 7574
2274 1 7575
1358 1 7576
1760 2 7577
1009 2 7578
321 1 7579
239 1 7580
177 1 7581
2470 1 7582
140 1 7583
2465 1 7584
2337 2 7585
1442 2 7586
2467 2 7587
866 2 7588
1119 1 7589
1780 1 7590
608 1 7591
1662 1 7592
247 2 7593
2423 1 7594
1750 1 7595
39 2 7596
805 1 7597
999 1 7598
1125 1 7599
10 1 7600
711 2 7601
2333 1 7602
1695 2 7603
2323 1 7604
2490 1 7605
286 2 7606
1507 1 7607
2228 2 7608
2488 1 7609
1827 1 7610
406 1 7611
1410 1 7612
972 2 7613
2481 1 7614
1723 1 7615
2221 1 7616
1123 1 7617
2434 1 7618
162 2 7619
43 1 7620
1996 2 7621
1413 2 7622
1669 2 7623
1381 2 7624
451 2 7625
2029 2 7626
1607 2 7627
1935 1 7628
1260 1 7629
2358 2 7630
2220 2 7631
2363 2 7632
398 2 7633
1109 1 7634
2222 1 7635
1185 2 7636
284 1 7637
391 1 7638
673 2 7639
455 1 7640
1028 1 7641
1350 2 7642
339 2 7643
2454 1 7644
1359 2 7645
901 1 7646
1068 1 7647
2026 1 7648
1694 2 7649
2403 2 7650
141 2 7651
1606 2 7652
2490 1 7653
2379 2 7654
1492 1 7655
2324 2 7656
2000 2 7657
1320 2 7658
2473 1 7659
708 1 7660
897 1 7661
302 2 7662
1261 2 7663
985 2 7664
1121 1 7665
342 1 7666
1002 1 7667
1584 1 7668
131 2 7669
1046 1 7670
1636 2 7671
1987 1 7672
2098 2 7673
1649 2 7674
101 1 7675
1647 1 7676
816 1 7677
2018 1 7678
2009 1 7679
333 2 7680
2 1 7681
1813 1 7682
1654 2 7683
1181 1 7684
249 2 7685
1730 1 7686
331 2 7687
749 1 7688
1898 2 7689
100 1 7690
732 2 7691
1485 2 7692
1786 1 7693
1864 1 7694
1763 2 7695
1591 1 7696
1782 1 7697
237 2 7698
2239 2 7699
1232 2 7700
478 2 7701
1105 2 7702
745 1 7703
2357 1 7704
2137 2 7705
2182 2 7706
1136 2 7707
1174 1 7708
2158 1 7709
2244 1 7710
239 2 7711
1120 1 7712
2467 1 7713
963 1 7714
815 2 7715
1134 1 7716
25 1 7717
1286 2 7718
564 1 7719
770 1 7720
2081 1 7721
342 1 7722
2215 2 7723
1068 2 7724
992 2 7725
1434 1 7726
2406 2 7727
1331 1 7728
1239 2 7729
344 2 7730
1409 2 7731
377 2 7732
1287 1 7733
1394 1 7734
1090 1 7735
679 1 7736
1372 1 7737
1848 2 7738
2117 2 7739
1693 1 7740
2329 1 7741
1946 1 7742
219 1 7743
177 2 7744
1773 1 7745
2195 1 7746
1797 2 7747
2283 1 7748
1962 2 7749
308 1 7750
2278 2 7751
345 2 7752
1849 2 7753
1952 2 7754
408 2 7755
1928 1 7756
1863 2 7757
181 2 7758
806 1 7759
1796 2 7760
1441 2 7761
1761 1 7762
2120 1 7763
1959 1 7764
1152 1 7765
103 2 7766
1240 2 7767
634 2 7768
861 1 7769
2258 2 7770
666 1 7771
2413 1 7772
2492 1 7773
1914 1 7774
2043 2 7775
1094 1 7776
804 1 7777
1268 1 7778
2389 2 7779
694 1 7780
924 1 7781
1330 1 7782
1528 1 7783
1101 1 7784
75 1 7785
1587 2 7786
1818 2 7787
1633 1 7788
916 2 7789
1910 2 7790
351 1 7791
1610 2 7792
1929 1 7793
1142 1 7794
2300 1 7795
354 1 7796
2203 2 7797
18 2 7798
891 2 7799
162 1 7800
1931 2 7801
1158 2 7802
152 1 7803
1822 1 7804
2045 2 7805
1283 1 7806
176 2 7807
900 2 7808
516 2 7809
1974 2 7810
45 2 7811
1553 2 7812
463 2 7813
1001 2 7814
2124 2 7815
789 2 7816
1645 2 7817
935 2 7818
516 1 7819
518 2 7820
1353 2 7821
707 1 7822
981 2 7823
1329 2 7824
1797 2 7825
2017 2 7826
1169 2 7827
2158 1 7828
538 2 7829
1474 1 7830
1835 2 7831
1211 2 7832
1317 1 7833
275 1 7834
2475 2 7835
2225 1 7836
815 2 7837
1893 1 7838
1527 1 7839
1984 1 7840
1713 1 7841
1521 1 7842
1643 1 7843
1090 2 7844
1023 1 7845
1137 1 7846
1148 1 7847
415 2 7848
812 1 7849
1728 2 7850
2184 2 7851
493 2 7852
1619 1 7853
2197 1 7854
1379 1 7855
1913 2 7856
503 1 7857
2116 1 7858
1311 2 7859
459 1 7860
1587 1 7861
1366 2 7862
24 2 7863
1745 2 7864
1961 2 7865
2260 2 7866
871 1 7867
2284 1 7868
1918 2 7869
1148 1 7870
1150 2 7871
1976 2 7872
707 2 7873
953 2 7874
1893 2 7875
2083 2 7876
2048 2 7877
1370 2 7878
1870 2 7879
1098 1 7880
664 1 7881
1535 1 7882
1957 1 7883
2029 1 7884
967 1 7885
1552 2 7886
1567 2 7887
502 1 7888
2393 1 7889
2453 2 7890
714 2 7891
757 2 7892
1428 1 7893
272 1 7894
1258 1 7895
1828 2 7896
2085 2 7897
1171 1 7898
1909 2 7899
292 2 7900
2410 2 7901
1048 1 7902
2351 1 7903
481 2 7904
1622 2 7905
602 2 7906
529 1 7907
1726 2 7908
2166 1 7909
1088 2 7910
1561 2 7911
2325 1 7912
333 1 7913
122 1 7914
1687 1 7915
278 1 7916
575 1 7917
2009 2 7918
24 2 7919
912 1 7920
1952 2 7921
1062 2 7922
930 2 7923
848 2 7924
467 2 7925
118 1 7926
1105 1 7927
164 2 7928
1499 1 7929
759 1 7930
979 2 7931
813 1 7932
258 1 7933
28 1 7934
760 1 7935
1408 2 7936
13 2 7937
160 2 7938
437 2 7939
1725 1 7940
701 2 7941
391 1 7942
296 2 7943
2202 2 7944
2179 1 7945
718 2 7946
857 1 7947
1239 2 7948
1808 1 7949
734 1 7950
150 1 7951
1586 2 7952
1257 2 7953
820 1 7954
2287 1 7955
732 1 7956
154 2 7957
1782 1 7958
1397 2 7959
2026 1 7960
290 1 7961
2187 1 7962
1998 1 7963
1820 2 7964
2232 1 7965
1714 1 7966
654 1 7967
1159 2 7968
1618 2 7969
2183 2 7970
7 1 7971
2246 2 7972
54 1 7973
1623 1 7974
2009 2 7975
1464 1 7976
607 1 7977
1043 2 7978
2077 1 7979
1194 2 7980
2470 2 7981
132 1 7982
1089 1 7983
1886 2 7984
2310 1 7985
536 1 7986
409 1 7987
2217 2 7988
2267 1 7989
2198 1 7990
602 2 7991
1704 2 7992
1741 2 7993
505 1 7994
2430 1 7995
1131 1 7996
1407 1 7997
1697 2 7998
1058 1 7999
24 2 8000
1296 2 8001
1763 1 8002
1849 2 8003
1135 1 8004
2099 2 8005
1552 1 8006
530 2 8007
1950 2 8008
335 1 8009
573 1 8010
378 2 8011
38 2 8012
826 2 8013
2056 2 8014
1017 1 8015
2003 1 8016
377 1 8017
1268 2 8018
652 2 8019
791 1 8020
1316 1 8021
2256 2 8022
1024 1 8023
2087 1 8024
902 2 8025
660 1 8026
2308 1 8027
975 2 8028
1467 1 8029
2037 1 8030
986 2 8031
381 2 8032
95 2 8033
280 2 8034
205 1 8035
1378 1 8036
1513 1 8037
870 1 8038
281 2 8039
878 2 8040
1628 2 8041
2261 1 8042
799 1 8043
1983 2 8044
2102 2 8045
884 2 8046
133 1 8047
1017 1 8048
1980 1 8049
1366 2 8050
2168 2 8051
1934 1 8052
639 2 8053
175 2 8054
2264 1 8055
675 1 8056
604 1 8057
384 1 8058
1218 1 8059
448 1 8060
1192 2 8061
1418 2 8062
1427 1 8063
575 1 8064
2291 1 8065
838 1 8066
1109 1 8067
2277 2 8068
1900 2 8069
1177 2 8070
1937 2 8071
1918 1 8072
2358 1 8073
1209 2 8074
590 2 8075
328 1 8076
963 2 8077
441 1 8078
1775 2 8079
316 2 8080
1696 1 8081
540 2 8082
649 1 8083
526 2 8084
2382 2 8085
138 2 8086
1196 2 8087
40 1 8088
346 1 8089
892 2 8090
157 2 8091
1027 2 8092
2049 2 8093
515 1 8094
1862 2 8095
1575 2 8096
1116 2 8097
2213 2 8098
931 1 8099
234 1 8100
1480 1 8101
1013 2 8102
465 2 8103
2212 1 8104
129 2 8105
1394 2 8106
1126 2 8107
2067 1 8108
2214 1 8109
1456 1 8110
1298 2 8111
2196 2 8112
2126 2 8113
2396 2 8114
2475 1 8115
1095 2 8116
1427 1 8117
1167 2 8118
569 2 8119
2446 1 8120
598 1 8121
298 1 8122
5 2 8123
1034 1 8124
2420 2 8125
1422 2 8126
421 2 8127
1863 1 8128
730 1 8129
1789 1 8130
1341 1 8131
659 2 8132
2321 2 8133
2194 2 8134
191 2 8135
1075 1 8136
1349 1 8137
1432 2 8138
1787 1 8139
103 2 8140
2309 1 8141
719 2 8142
1178 1 8143
773 1 8144
1332 2 8145
280 1 8146
2246 2 8147
1009 2 8148
1453 1 8149
588 1 8150
2487 1 8151
2361 2 8152
1399 1 8153
789 2 8154
682 1 8155
1910 2 8156
2348 2 8157
1126 1 8158
817 1 8159
1049 2 8160
1661 1 8161
646 1 8162
209 1 8163
2470 2 8164
159 2 8165
2392 2 8166
2421 2 8167
162 1 8168
1550 2 8169
2123 2 8170
736 2 8171
1020 2 8172
1141 1 8173
95 2 8174
695 2 8175
803 1 8176
1200 1 8177
2433 1 8178
2262 2 8179
1456 2 8180
1579 2 8181
1915 1 8182
2150 1 8183
21 1 8184
352 2 8185
1724 1 8186
85 1 8187
391 1 8188
2297 1 8189
511 2 8190
2103 2 8191
367 1 8192
837 1 8193
1648 1 8194
701 1 8195
2297 2 8196
1990 2 8197
1251 1 8198
309 2 8199
1723 2 8200
1069 2 8201
2271 1 8202
1971 1 8203
1085 1 8204
930 1 8205
1821 1 8206
965 1 8207
1613 1 8208
764 1 8209
136 2 8210
1823 1 8211
932 1 8212
311 2 8213
542 1 8214
1202 2 8215
839 2 8216
1595 2 8217
441 2 8218
1224 1 8219
1446 2 8220
1482 1 8221
2241 1 8222
1049 1 8223
482 2 8224
462 1 8225
739 1 8226
2307 1 8227
1830 2 8228
370 2 8229
144 1 8230
285 2 8231
1 2 8232
772 2 8233
685 1 8234
1371 1 8235
1060 1 8236
1649 2 8237
903 1 8238
788 1 8239
1953 1 8240
173 2 8241
447 2 8242
629 1 8243
1197 1 8244
2463 1 8245
131 1 8246
927 2 8247
2129 2 8248
2155 1 8249
755 2 8250
900 1 8251
741 1 8252
337 2 8253
2003 2 8254
708 1 8255
163 1 8256
1024 2 8257
158 2 8258
685 1 8259
2015 1 8260
803 2 8261
2409 1 8262
1331 1 8263
2463 1 8264
2484 2 8265
1075 2 8266
108 1 8267
1096 2 8268
176 1 8269
890 2 8270
787 2 8271
2298 2 8272
24 2 8273
1756 1 8274
2460 2 8275
2379 1 8276
2173 1 8277
1424 2 8278
597 1 8279
2256 2 8280
1999 1 8281
1425 2 8282
1009 2 8283
949 2 8284
1825 1 8285
223 1 8286
1857 1 8287
1860 1 8288
578 1 8289
19 1 8290
108 2 8291
938 2 8292
549 2 8293
943 1 8294
378 2 8295
255 1 8296
1985 1 8297
1602 2 8298
945 1 8299
297 2 8300
128 2 8301
2011 2 8302
2296 2 8303
296 2 8304
2019 2 8305
1125 2 8306
2224 1 8307
1862 1 8308
1151 2 8309
443 2 8310
1620 1 8311
660 2 8312
949 2 8313
1601 2 8314
939 2 8315
2454 2 8316
1738 2 8317
1952 2 8318
178 1 8319
982 1 8320
1670 2 8321
909 2 8322
2217 1 8323
2297 1 8324
1632 2 8325
266 2 8326
1833 1 8327
1515 1 8328
607 2 8329
1066 1 8330
448 2 8331
462 1 8332
1746 2 8333
656 1 8334
634 2 8335
2487 1 8336
2016 2 8337
260 1 8338
869 2 8339
522 2 8340
2323 2 8341
967 2 8342
472 2 8343
1957 1 8344
52 2 8345
490 2 8346
1463 1 8347
2113 2 8348
488 2 8349
86 1 8350
1644 2 8351
1406 1 8352
615 1 8353
2296 2 8354
370 2 8355
966 1 8356
600 2 8357
1058 2 8358
1210 2 8359
1705 1 8360
718 1 8361
2023 1 8362
152 1 8363
165 1 8364
2476 1 8365
1450 1 8366
2429 2 8367
275 1 8368
2449 1 8369
939 1 8370
263 2 8371
943 2 8372
1303 1 8373
1631 2 8374
2046 2 8375
1623 2 8376
1223 1 8377
251 2 8378
1843 1 8379
416 2 8380
1982 1 8381
1737 2 8382
1724 1 8383
834 1 8384
177 2 8385
1204 2 8386
973 1 8387
1611 2 8388
2341 2 8389
219 1 8390
11 1 8391
836 2 8392
1043 2 8393
2130 2 8394
976 2 8395
133 2 8396
1711 2 8397
2270 2 8398
2401 1 8399
840 2 8400
1308 1 8401
2020 2 8402
2146 1 8403
2429 1 8404
2009 1 8405
777 1 8406
616 1 8407
894 1 8408
1720 2 8409
2294 1 8410
12 1 8411
1008 2 8412
410 2 8413
1849 1 8414
1696 2 8415
640 1 8416
1812 2 8417
837 2 8418
2128 2 8419
1762 1 8420
1715 2 8421
1001 2 8422
1446 2 8423
827 2 8424
324 1 8425
89 1 8426
238 2 8427
966 2 8428
1523 1 8429
2170 2 8430
358 1 8431
738 2 8432
1463 2 8433
185 2 8434
125 1 8435
1464 2 8436
1119 2 8437
1543 2 8438
1159 1 8439
186 1 8440
122 1 8441
1902 2 8442
1106 1 8443
561 2 8444
883 1 8445
1269 2 8446
1593 2 8447
2226 1 8448
708 2 8449
855 1 8450
1929 2 8451
1765 2 8452
582 2 8453
92 1 8454
1794 1 8455
1864 1 8456
870 1 8457
221 2 8458
705 2 8459
535 1 8460
2133 1 8461
699 1 8462
207 2 8463
1012 1 8464
127 2 8465
671 1 8466
2398 2 8467
568 1 8468
1027 2 8469
871 1 8470
2019 1 8471
2424 1 8472
1840 1 8473
566 1 8474
1086 2 8475
300 2 8476
1697 1 8477
1091 1 8478
2180 1 8479
1461 1 8480
1149 2 8481
2290 2 8482
1930 2 8483
974 2 8484
550 2 8485
1480 1 8486
46 2 8487
2234 1 8488
2377 1 8489
1282 2 8490
2337 2 8491
774 1 8492
823 2 8493
2493 1 8494
2022 1 8495
328 1 8496
993 1 8497
1615 1 8498
436 2 8499
1113 1 8500
1679 1 8501
223 1 8502
2160 1 8503
438 1 8504
2036 2 8505
880 2 8506
942 2 8507
2455 2 8508
903 2 8509
1886 2 8510
467 2 8511
1818 2 8512
2431 1 8513
134 1 8514
2041 2 8515
671 2 8516
1567 2 8517
1013 2 8518
1640 1 8519
2472 1 8520
729 1 8521
2428 1 8522
1357 1 8523
950 2 8524
114 1 8525
289 2 8526
1170 2 8527
865 2 8528
2367 2 8529
1239 1 8530
363 1 8531
1591 2 8532
1225 1 8533
541 2 8534
594 2 8535
169 2 8536
2093 2 8537
2235 1 8538
2207 1 8539
2031 2 8540
1291 1 8541
282 1 8542
2163 1 8543
1551 1 8544
1838 2 8545
2491 2 8546
1368 2 8547
870 2 8548
297 2 8549
1435 1 8550
1938 1 8551
1420 1 8552
674 1 8553
1960 1 8554
763 2 8555
1811 2 8556
2215 2 8557
1793 2 8558
1203 2 8559
1815 2 8560
2063 1 8561
1133 1 8562
691 1 8563
1894 2 8564
1783 2 8565
1392 1 8566
129 2 8567
29 1 8568
1310 1 8569
2483 1 8570
361 1 8571
2196 2 8572
324 2 8573
675 2 8574
557 1 8575
1381 2 8576
386 1 8577
2093 1 8578
269 2 8579
1681 1 8580
1316 2 8581
246 2 8582
926 1 8583
2048 2 8584
2261 1 8585
1352 2 8586
1298 1 8587
1828 1 8588
644 2 8589
1306 1 8590
1041 1 8591
2166 1 8592
1279 1 8593
467 2 8594
2480 2 8595
2074 2 8596
1027 2 8597
191 2 8598
429 1 8599
1050 2 8600
805 1 8601
999 1 8602
1080 1 8603
715 2 8604
1482 2 8605
884 1 8606
1215 1 8607
1537 1 8608
1335 1 8609
1736 1 8610
1254 2 8611
38 1 8612
844 2 8613
1422 2 8614
1335 1 8615
1626 2 8616
1964 2 8617
1629 2 8618
2285 1 8619
2447 1 8620
1702 1 8621
105 1 8622
880 1 8623
1826 2 8624
724 2 8625
1291 2 8626
654 2 8627
399 2 8628
2424 1 8629
2300 2 8630
2170 1 8631
1732 2 8632
141 2 8633
1009 1 8634
2081 1 8635
2014 2 8636
1021 1 8637
1623 2 8638
2350 1 8639
1313 2 8640
908 1 8641
932 1 8642
1805 2 8643
671 1 8644
101 2 8645
1667 1 8646
1184 1 8647
877 1 8648
2160 1 8649
2295 1 8650
394 1 8651
2347 2 8652
1585 2 8653
532 1 8654
2284 1 8655
283 1 8656
2383 2 8657
399 1 8658
589 1 8659
1569 1 8660
1597 1 8661
1321 1 8662
2140 2 8663
1975 2 8664
565 2 8665
1448 1 8666
930 2 8667
378 1 8668
1600 2 8669
1811 1 8670
175 2 8671
1467 2 8672
2443 1 8673
793 1 8674
2360 1 8675
1414 1 8676
451 2 8677
1309 2 8678
635 1 8679
488 1 8680
2177 2 8681
1470 1 8682
1056 1 8683
940 2 8684
270 1 8685
2296 1 8686
384 1 8687
1045 1 8688
438 1 8689
2181 1 8690
229 1 8691
1328 1 8692
228 2 8693
2456 2 8694
1851 2 8695
2163 2 8696
955 2 8697
1311 1 8698
1764 2 8699
1071 2 8700
753 1 8701
1164 2 8702
1244 1 8703
345 2 8704
535 1 8705
1787 2 8706
1209 2 8707
2205 2 8708
414 2 8709
568 1 8710
2350 1 8711
1081 1 8712
2307 2 8713
871 1 8714
751 2 8715
1289 2 8716
2343 1 8717
1222 2 8718
870 2 8719
1387 2 8720
1767 1 8721
79 2 8722
2346 1 8723
428 2 8724
2359 2 8725
1891 1 8726
532 1 8727
1253 1 8728
694 2 8729
1980 2 8730
371 1 8731
1506 1 8732
1927 1 8733
290 1 8734
791 2 8735
1036 2 8736
2492 1 8737
1106 1 8738
1770 1 8739
198 1 8740
674 2 8741
1373 1 8742
111 1 8743
267 1 8744
598 2 8745
416 1 8746
1698 1 8747
1772 2 8748
2453 2 8749
32 2 8750
2101 2 8751
903 2 8752
2396 1 8753
474 1 8754
388 1 8755
1537 1 8756
1788 1 8757
1192 1 8758
105 1 8759
1979 2 8760
377 1 8761
86 1 8762
56 2 8763
673 2 8764
198 2 8765
1269 2 8766
1394 2 8767
229 2 8768
1070 2 8769
889 2 8770
1041 2 8771
1203 2 8772
1695 2 8773
62 2 8774
197 1 8775
1981 2 8776
1662 2 8777
514 2 8778
379 2 8779
1436 1 8780
129 1 8781
1467 1 8782
1297 1 8783
1052 1 8784
362 1 8785
135 2 8786
2423 2 8787
287 2 8788
1489 1 8789
482 2 8790
2223 2 8791
766 1 8792
1786 1 8793
2148 2 8794
1509 1 8795
177 1 8796
1274 2 8797
1796 1 8798
794 1 8799
434 2 8800
237 1 8801
2498 2 8802
728 1 8803
1074 2 8804
633 2 8805
240 1 8806
799 1 8807
329 2 8808
1844 2 8809
1169 2 8810
13 2 8811
717 1 8812
1085 2 8813
496 1 8814
1118 2 8815
2094 1 8816
266 2 8817
248 2 8818
2379 2 8819
1254 2 8820
1552 2 8821
1788 1 8822
414 2 8823
2082 1 8824
2424 2 8825
736 2 8826
223 1 8827
1430 2 8828
386 2 8829
1429 2 8830
1584 2 8831
652 2 8832
409 2 8833
1420 2 8834
108 2 8835
1001 2 8836
76 2 8837
967 2 8838
515 1 8839
2229 1 8840
1946 2 8841
1669 1 8842
1340 2 8843
1594 2 8844
2198 2 8845
1561 2 8846
1176 1 8847
941 2 8848
1286 2 8849
1095 1 8850
1504 1 8851
1090 1 8852
1239 2 8853
364 2 8854
1518 1 8855
1095 1 8856
1774 2 8857
1805 2 8858
350 2 8859
1157 1 8860
1500 2 8861
2223 1 8862
202 1 8863
508 2 8864
2198 2 8865
667 2 8866
174 1 8867
1798 2 8868
1876 2 8869
2423 2 8870
443 1 8871
1971 1 8872
2333 1 8873
1686 1 8874
2355 2 8875
1677 2 8876
1732 2 8877
1927 2 8878
1042 1 8879
1533 2 8880
1460 1 8881
1962 1 8882
686 1 8883
1519 1 8884
1236 1 8885
2272 2 8886
1391 1 8887
809 1 8888
314 1 8889
534 2 8890
1178 2 8891
1428 2 8892
2487 1 8893
1270 2 8894
1653 1 8895
1220 1 8896
2252 2 8897
2171 1 8898
2456 1 8899
835 1 8900
1681 2 8901
232 1 8902
1753 2 8903
370 1 8904
1677 2 8905
377 2 8906
2280 1 8907
1873 1 8908
1396 2 8909
1571 1 8910
1430 2 8911
342 1 8912
406 1 8913
615 2 8914
1157 2 8915
1889 1 8916
1797 1 8917
2198 2 8918
1561 2 8919
2008 2 8920
1031 1 8921
2097 2 8922
720 1 8923
2372 1 8924
1027 1 8925
1390 2 8926
1146 1 8927
2410 2 8928
1323 2 8929
980 2 8930
328 1 8931
2186 1 8932
948 2 8933
1066 1 8934
1344 1 8935
885 1 8936
1718 1 8937
1188 2 8938
766 2 8939
526 1 8940
1372 1 8941
1455 1 8942
91 2 8943
1740 1 8944
993 2 8945
1108 2 8946
2365 2 8947
528 1 8948
480 2 8949
2120 2 8950
144 2 8951
128 1 8952
1276 2 8953
77 2 8954
206 2 8955
149 2 8956
1331 1 8957
1242 2 8958
2363 1 8959
76 1 8960
175 1 8961
1662 1 8962
1072 1 8963
1469 1 8964
1811 2 8965
1425 1 8966
2455 2 8967
578 2 8968
928 2 8969
220 1 8970
2392 1 8971
491 2 8972
2301 1 8973
116 2 8974
905 2 8975
1735 2 8976
1862 1 8977
910 2 8978
1590 1 8979
1404 2 8980
1619 2 8981
732 1 8982
364 1 8983
74 2 8984
1507 1 8985
1549 1 8986
2301 1 8987
2068 1 8988
1601 1 8989
1760 2 8990
1417 2 8991
435 2 8992
287 2 8993
281 2 8994
1106 1 8995
730 1 8996
1267 2 8997
529 1 8998
76 1 8999
92 2 9000
1592 1 9001
361 1 9002
1964 1 9003
306 2 9004
795 1 9005
1122 2 9006
1412 2 9007
1934 1 9008
687 2 9009
242 2 9010
2028 1 9011
2341 2 9012
640 1 9013
428 1 9014
1009 1 9015
2264 2 9016
935 2 9017
1191 2 9018
1593 1 9019
1047 1 9020
1760 2 9021
1735 2 9022
1337 1 9023
876 1 9024
2137 1 9025
2333 1 9026
64 1 9027
1115 2 9028
832 2 9029
126 2 9030
1925 2 9031
2450 1 9032
960 1 9033
855 1 9034
2101 1 9035
762 1 9036
1895 1 9037
2286 1 9038
64 1 9039
1183 2 9040
2334 2 9041
918 1 9042
307 2 9043
575 1 9044
813 1 9045
2414 1 9046
2060 2 9047
27 2 9048
171 2 9049
670 1 9050
2195 2 9051
1839 1 9052
1532 2 9053
2227 2 9054
1009 2 9055
1285 1 9056
620 1 9057
690 1 9058
96 1 9059
2498 1 9060
2270 2 9061
896 2 9062
2016 1 9063
1614 1 9064
561 1 9065
1643 1 9066
2343 1 9067
699 1 9068
1523 2 9069
2058 1 9070
2345 1 9071
2017 2 9072
1097 1 9073
1144 1 9074
1255 2 9075
826 2 9076
1148 2 9077
369 1 9078
467 2 9079
1183 2 9080
401 1 9081
254 2 9082
2033 2 9083
1064 1 9084
2413 2 9085
852 2 9086
1030 2 9087
219 1 9088
1512 1 9089
1156 1 9090
1276 1 9091
1877 2 9092
925 2 9093
1035 2 9094
1664 2 9095
2362 1 9096
799 1 9097
1983 2 9098
433 2 9099
120 2 9100
924 2 9101
903 2 9102
1270 2 9103
88 1 9104
1706 1 9105
1574 2 9106
824 1 9107
2230 1 9108
256 2 9109
2380 2 9110
375 1 9111
1924 1 9112
1372 1 9113
2274 1 9114
716 1 9115
1303 1 9116
1842 2 9117
2293 2 9118
829 1 9119
1631 1 9120
1085 1 9121
1491 1 9122
382 2 9123
2330 2 9124
413 2 9125
2251 2 9126
12 1 9127
1820 1 9128
58 1 9129
952 2 9130
1833 1 9131
1463 2 9132
1807 2 9133
918 2 9134
381 1 9135
740 1 9136
59 2 9137
1562 2 9138
1274 2 9139
43 1 9140
780 1 9141
821 2 9142
1476 2 9143
2462 2 9144
611 2 9145
1564 1 9146
508 2 9147
706 1 9148
917 1 9149
1156 2 9150
1044 2 9151
423 1 9152
2015 1 9153
1107 2 9154
1100 1 9155
475 1 9156
622 2 9157
864 1 9158
818 2 9159
563 2 9160
662 1 9161
2002 1 9162
2030 2 9163
211 1 9164
1798 2 9165
2353 1 9166
2233 2 9167
533 2 9168
1389 2 9169
1410 1 9170
977 1 9171
881 2 9172
1862 1 9173
170 2 9174
1458 1 9175
2373 1 9176
900 2 9177
823 1 9178
1149 1 9179
2218 1 9180
1333 1 9181
324 2 9182
744 1 9183
5 1 9184
1662 1 9185
1556 1 9186
424 2 9187
826 2 9188
992 2 9189
1422 1 9190
1180 1 9191
1634 2 9192
344 2 9193
1433 1 9194
1987 2 9195
1496 1 9196
1086 1 9197
1953 1 9198
1390 2 9199
103 2 9200
361 2 9201
508 2 9202
1293 1 9203
868 2 9204
980 2 9205
141 2 9206
637 1 9207
46 1 9208
285 1 9209
2066 1 9210
2396 1 9211
107 1 9212
2486 1 9213
1713 2 9214
606 1 9215
531 1 9216
2290 2 9217
1718 2 9218
2456 1 9219
81 1 9220
1347 2 9221
1458 1 9222
1668 2 9223
2259 1 9224
1034 1 9225
1126 2 9226
194 2 9227
185 2 9228
691 1 9229
2183 2 9230
1548 1 9231
890 1 9232
269 2 9233
1358 1 9234
294 2 9235
1652 2 9236
416 2 9237
92 1 9238
833 2 9239
2011 1 9240
576 1 9241
923 1 9242
395 2 9243
650 1 9244
2335 1 9245
1587 2 9246
2424 1 9247
650 1 9248
911 1 9249
33 2 9250
674 2 9251
858 1 9252
651 2 9253
1922 1 9254
1921 2 9255
977 1 9256
393 2 9257
1747 2 9258
806 2 9259
376 2 9260
542 1 9261
625 2 9262
99 1 9263
2045 1 9264
1059 1 9265
197 1 9266
448 2 9267
933 2 9268
444 1 9269
701 2 9270
2 2 9271
1713 1 9272
1948 1 9273
1637 1 9274
891 2 9275
1629 1 9276
1938 2 9277
1326 2 9278
203 1 9279
23 2 9280
1257 2 9281
633 2 9282
184 1 9283
1263 1 9284
1820 2 9285
863 2 9286
1318 2 9287
2399 1 9288
1969 2 9289
1973 1 9290
2311 1 9291
496 1 9292
645 1 9293
2196 1 9294
42 1 9295
478 2 9296
901 1 9297
2046 2 9298
727 1 9299
1471 1 9300
254 1 9301
1471 1 9302
2260 1 9303
932 2 9304
1904 1 9305
307 2 9306
336 1 9307
741 1 9308
2118 2 9309
1901 2 9310
544 2 9311
2248 1 9312
2400 2 9313
2213 2 9314
864 2 9315
386 1 9316
1838 2 9317
1029 2 9318
613 2 9319
1891 1 9320
1922 2 9321
1960 2 9322
1768 2 9323
1217 1 9324
1189 2 9325
593 1 9326
2391 1 9327
1076 2 9328
1772 2 9329
2335 2 9330
975 1 9331
2398 1 9332
1140 2 9333
641 1 9334
679 1 9335
168 2 9336
1722 2 9337
1307 1 9338
455 2 9339
1174 1 9340
1391 2 9341
2042 2 9342
2453 2 9343
1194 2 9344
1819 2 9345
291 1 9346
1988 2 9347
2317 2 9348
1025 1 9349
1648 1 9350
1288 2 9351
551 2 9352
604 2 9353
1076 1 9354
1715 1 9355
114 2 9356
1699 2 9357
734 2 9358
1057 2 9359
655 1 9360
1093 2 9361
1902 1 9362
1932 2 9363
726 2 9364
876 2 9365
1425 2 9366
1180 2 9367
2249 2 9368
1813 2 9369
240 2 9370
1362 1 9371
2029 2 9372
1609 2 9373
2088 2 9374
2251 2 9375
1078 1 9376
640 2 9377
1906 2 9378
1509 2 9379
2126 1 9380
1453 2 9381
2376 2 9382
2013 2 9383
1913 2 9384
1171 2 9385
837 1 9386
399 1 9387
109 2 9388
717 2 9389
636 2 9390
240 2 9391
963 1 9392
1494 1 9393
765 1 9394
726 2 9395
1799 1 9396
1556 1 9397
1709 1 9398
2341 2 9399
2487 2 9400
344 1 9401
509 1 9402
2082 1 9403
180 1 9404
2439 1 9405
1331 2 9406
1231 2 9407
1982 2 9408
1078 1 9409
498 1 9410
1088 2 9411
1163 2 9412
430 1 9413
2117 1 9414
1563 2 9415
1176 1 9416
756 2 9417
684 2 9418
739 1 9419
1617 2 9420
1920 2 9421
624 1 9422
2248 1 9423
340 1 9424
1925 1 9425
750 1 9426
1873 1 9427
1745 2 9428
1538 1 9429
2243 2 9430
1055 1 9431
2038 1 9432
1301 1 9433
2344 2 9434
2475 2 9435
1320 2 9436
667 1 9437
2235 2 9438
687 1 9439
1096 1 9440
281 2 9441
959 2 9442
1531 2 9443
258 2 9444
1120 2 9445
2487 1 9446
1165 2 9447
1843 1 9448
1993 1 9449
1383 2 9450
745 1 9451
190 2 9452
1580 1 9453
1400 1 9454
2173 2 9455
1698 1 9456
2348 1 9457
163 1 9458
2345 1 9459
2300 2 9460
1684 2 9461
2229 2 9462
390 1 9463
543 2 9464
935 2 9465
248 2 9466
1213 2 9467
1405 1 9468
1084 2 9469
1263 2 9470
524 2 9471
2126 2 9472
1001 1 9473
1261 1 9474
1740 2 9475
1637 1 9476
1103 1 9477
358 2 9478
1005 2 9479
1780 1 9480
607 2 9481
1343 1 9482
1672 2 9483
283 1 9484
2382 2 9485
1101 2 9486
1095 1 9487
217 2 9488
1132 1 9489
2218 2 9490
2230 2 9491
912 1 9492
1932 2 9493
2037 1 9494
1026 2 9495
1976 1 9496
909 2 9497
2441 2 9498
1245 2 9499
604 2 9500
110 1 9501
1425 2 9502
1999 1 9503
141 2 9504
1514 2 9505
816 1 9506
897 1 9507
54 2 9508
2391 2 9509
514 1 9510
381 2 9511
942 1 9512
186 1 9513
92 1 9514
1476 1 9515
2166 1 9516
1216 1 9517
1004 2 9518
781 1 9519
1044 2 9520
1162 2 9521
789 2 9522
1235 2 9523
1313 2 9524
1616 1 9525
1362 2 9526
1303 2 9527
1582 1 9528
825 1 9529
1134 2 9530
761 2 9531
2251 1 9532
825 2 9533
1008 2 9534
982 1 9535
1930 2 9536
576 1 9537
420 1 9538
1344 2 9539
1987 1 9540
1264 1 9541
203 2 9542
2147 1 9543
1056 2 9544
2122 2 9545
942 2 9546
1884 2 9547
1010 2 9548
899 1 9549
15 1 9550
1485 2 9551
2393 1 9552
2232 2 9553
2341 1 9554
1094 2 9555
1839 1 9556
1438 1 9557
175 1 9558
1361 1 9559
1829 1 9560
1618 2 9561
1641 2 9562
1854 1 9563
771 2 9564
1572 2 9565
1320 2 9566
1907 1 9567
219 2 9568
1971 1 9569
1293 1 9570
1295 1 9571
546 1 9572
1874 2 9573
1137 2 9574
561 2 9575
124 2 9576
455 1 9577
482 2 9578
786 2 9579
1299 2 9580
816 2 9581
1999 1 9582
826 2 9583
219 1 9584
2300 1 9585
223 1 9586
646 2 9587
498 1 9588
1069 1 9589
190 1 9590
400 1 9591
1977 1 9592
1143 1 9593
1841 2 9594
1056 1 9595
1652 1 9596
449 1 9597
289 2 9598
2200 1 9599
1681 2 9600
155 1 9601
1027 2 9602
28 2 9603
1709 1 9604
2433 1 9605
192 1 9606
1733 1 9607
616 1 9608
2238 1 9609
950 2 9610
509 1 9611
792 1 9612
1473 1 9613
328 2 9614
1920 2 9615
2366 2 9616
472 1 9617
2049 2 9618
1559 1 9619
1914 2 9620
672 1 9621
2453 2 9622
224 2 9623
2162 2 9624
2178 1 9625
2429 1 9626
684 2 9627
863 2 9628
2171 2 9629
143 2 9630
1834 2 9631
1009 2 9632
1912 1 9633
458 1 9634
2281 1 9635
1730 1 9636
569 2 9637
652 2 9638
878 2 9639
790 1 9640
1545 1 9641
2255 2 9642
1085 2 9643
487 1 9644
2163 2 9645
1303 2 9646
1327 2 9647
1586 2 9648
1309 2 9649
1697 2 9650
2197 1 9651
167 2 9652
657 2 9653
1366 1 9654
2169 2 9655
2336 1 9656
818 2 9657
2067 2 9658
992 2 9659
1970 1 9660
1730 1 9661
1605 2 9662
790 2 9663
1025 1 9664
290 2 9665
2274 2 9666
2152 2 9667
1411 2 9668
118 1 9669
1097 1 9670
1739 1 9671
1617 1 9672
861 1 9673
165 1 9674
2177 1 9675
1243 2 9676
1062 2 9677
1466 1 9678
19 1 9679
1435 1 9680
588 1 9681
1837 2 9682
432 2 9683
1629 2 9684
218 2 9685
447 2 9686
1379 1 9687
15 2 9688
2182 2 9689
2498 1 9690
2209 2 9691
1858 2 9692
2145 1 9693
913 2 9694
694 2 9695
1279 2 9696
48 1 9697
1579 2 9698
2095 1 9699
1682 2 9700
544 2 9701
1231 1 9702
1274 2 9703
580 1 9704
2114 1 9705
180 1 9706
199 1 9707
1828 2 9708
867 1 9709
1486 1 9710
299 1 9711
765 1 9712
59 2 9713
99 2 9714
148 2 9715
756 2 9716
1701 1 9717
1362 2 9718
1235 1 9719
624 2 9720
1884 1 9721
1937 1 9722
2211 2 9723
407 2 9724
2458 2 9725
1178 2 9726
1835 2 9727
925 1 9728
2208 2 9729
1465 2 9730
1216 1 9731
1189 2 9732
2107 1 9733
1987 2 9734
165 1 9735
1185 2 9736
100 1 9737
485 2 9738
2338 1 9739
1881 1 9740
1324 2 9741
120 2 9742
437 2 9743
912 2 9744
1268 2 9745
265 1 9746
125 1 9747
1672 1 9748
2108 1 9749
2109 2 9750
407 2 9751
1941 2 9752
967 1 9753
2202 1 9754
610 1 9755
258 2 9756
464 1 9757
732 2 9758
1886 1 9759
168 2 9760
1513 2 9761
1296 2 9762
2177 1 9763
54 2 9764
1975 2 9765
1443 2 9766
894 2 9767
1819 2 9768
2159 2 9769
682 2 9770
901 1 9771
2444 1 9772
1970 1 9773
770 2 9774
1780 1 9775
2015 2 9776
2341 1 9777
2364 1 9778
2055 1 9779
477 1 9780
17 2 9781
2410 2 9782
384 1 9783
2423 2 9784
2366 2 9785
36 1 9786
2487 1 9787
697 2 9788
1795 2 9789
1259 1 9790
337 2 9791
1981 1 9792
2143 2 9793
2324 1 9794
1168 1 9795
899 1 9796
2344 1 9797
1048 2 9798
252 1 9799
593 1 9800
104 1 9801
2436 1 9802
2474 2 9803
424 2 9804
1534 1 9805
1541 1 9806
412 2 9807
1092 2 9808
975 1 9809
129 2 9810
278 2 9811
27 2 9812
2042 2 9813
816 1 9814
570 2 9815
1238 1 9816
527 2 9817
1102 1 9818
460 2 9819
785 2 9820
2383 2 9821
270 2 9822
2097 1 9823
2198 2 9824
298 2 9825
2400 2 9826
831 1 9827
1058 2 9828
2186 2 9829
398 2 9830
1346 2 9831
1785 2 9832
989 2 9833
1531 1 9834
1860 1 9835
537 2 9836
422 2 9837
2146 1 9838
1701 2 9839
1170 2 9840
2255 2 9841
682 2 9842
1294 2 9843
566 1 9844
357 1 9845
2178 1 9846
153 2 9847
1074 2 9848
897 2 9849
2470 1 9850
1466 2 9851
410 2 9852
115 1 9853
1527 1 9854
1459 1 9855
908 1 9856
1398 2 9857
122 1 9858
1252 1 9859
2317 1 9860
293 1 9861
505 1 9862
1466 1 9863
2213 1 9864
1331 2 9865
1131 2 9866
1307 2 9867
1618 1 9868
2491 1 9869
1703 2 9870
823 1 9871
2013 1 9872
427 2 9873
461 1 9874
123 1 9875
1974 2 9876
1768 1 9877
2406 1 9878
1549 1 9879
1935 1 9880
1311 2 9881
931 2 9882
1313 2 9883
233 2 9884
669 2 9885
489 2 9886
1909 1 9887
1860 1 9888
2411 2 9889
189 2 9890
1457 1 9891
82 1 9892
325 2 9893
577 1 9894
2306 1 9895
539 1 9896
658 2 9897
1893 2 9898
402 2 9899
2445 1 9900
281 2 9901
1141 2 9902
2354 1 9903
2097 1 9904
1913 2 9905
1788 2 9906
1433 1 9907
911 2 9908
1553 2 9909
182 1 9910
942 1 9911
853 1 9912
1611 1 9913
688 1 9914
530 2 9915
1948 2 9916
1264 1 9917
1888 1 9918
280 1 9919
1356 1 9920
2285 1 9921
2233 1 9922
2095 1 9923
2115 1 9924
963 1 9925
1702 1 9926
1688 1 9927
1542 2 9928
2478 2 9929
1923 2 9930
147 2 9931
909 2 9932
2413 2 9933
189 1 9934
61 1 9935
2158 2 9936
1807 2 9937
677 1 9938
712 2 9939
81 1 9940
894 2 9941
2132 2 9942
1932 2 9943
344 1 9944
220 1 9945
2427 2 9946
1955 1 9947
784 2 9948
136 1 9949
528 2 9950
921 2 9951
1926 1 9952
1912 2 9953
1306 1 9954
51 2 9955
2482 1 9956
265 2 9957
1136 1 9958
1367 1 9959
273 2 9960
315 2 9961
450 2 9962
2117 2 9963
1598 2 9964
1653 2 9965
2053 1 9966
1098 1 9967
2116 2 9968
147 1 9969
1650 1 9970
1588 1 9971
852 1 9972
649 1 9973
1366 2 9974
1995 2 9975
1361 1 9976
545 2 9977
363 1 9978
2193 1 9979
1829 2 9980
1720 2 9981
80 1 9982
634 2 9983
188 1 9984
1788 1 9985
1164 1 9986
31 1 9987
1793 2 9988
1580 1 9989
163 2 9990
434 1 9991
794 1 9992
1141 2 9993
2050 1 9994
1055 1 9995
31 1 9996
630 2 9997
1366 2 9998
1524 2 9999
151 1 10000
