5000 1 5000
1620
4362
2967
2262
774
4205
2998
4760
309
280
3620
137
4270
1945
1796
4420
4839
2732
2781
2339
2286
176
3560
1406
2083
3487
4726
4824
2743
587
1686
4529
3816
712
2772
551
4870
3578
1734
2004
201
4170
2480
2415
1750
3280
1227
1694
3142
4715
763
4754
1782
614
1629
192
2992
4752
2290
1077
990
4708
257
3999
788
624
2401
3401
3907
3240
414
1504
3281
107
3882
4327
4018
4008
1882
2596
2441
3883
1930
4051
1688
2143
694
1103
3182
3055
1691
4655
4196
2352
66
2224
4014
668
1692
3369
2909
430
2481
254
3256
4593
1411
968
4204
2548
4522
800
2231
4463
3398
1190
766
4100
1089
2213
1162
3458
1493
3012
3302
4244
2297
459
2102
3855
3402
4321
2861
349
2536
4850
1250
1121
3510
3268
4045
486
2900
42
23
2515
3034
3555
4922
2962
3499
1041
360
4902
3483
3340
3476
1666
2576
1781
2322
2027
4369
4742
3084
3116
4759
18
3601
2798
4285
437
1390
4385
4674
4496
2474
1902
3726
77
4636
464
4401
3639
199
212
3921
7
2745
560
522
2023
856
1463
1885
4476
1832
4348
3992
1239
3200
1043
1047
2917
3196
4910
4104
3867
2886
1256
3241
3174
3144
465
1766
2834
3683
1912
2837
37
1487
3511
4498
3189
2785
1939
1520
4724
1908
3752
2531
2079
2675
3744
3008
3996
1334
319
1477
820
3170
1603
1964
4913
755
2110
1030
4745
4717
861
3749
1563
3903
3341
2787
1907
2951
3234
2447
4033
2541
3938
1935
4105
198
1413
2333
3301
1875
2884
4286
3919
402
2400
2779
4998
2533
1632
4312
1985
526
3523
4443
4199
691
4456
588
20
3095
4173
4261
3985
2664
808
2627
1663
790
1519
2020
3451
4842
3396
2371
4211
4789
506
3124
1947
2935
4459
642
398
1687
916
2728
4346
4307
1670
897
1618
3149
312
3131
1624
2528
2885
2105
1181
1347
4992
2856
4012
1155
1546
4973
2059
3450
2386
4294
2393
1609
3786
3284
3773
1588
1281
2426
753
4276
3774
2124
1683
98
777
1886
863
1432
4253
383
2746
1074
3484
4782
586
764
2036
2428
2072
386
4838
156
1006
4648
1567
3655
3203
342
376
2710
121
3361
3022
3405
2826
90
1649
3417
1335
751
500
3058
4937
4873
180
1887
2572
3278
3622
115
3654
616
2217
346
4371
3604
4451
3836
2797
3895
1018
4086
158
3542
3168
707
1511
2860
1384
3931
385
2802
4353
416
4689
2865
1197
4326
2212
1589
2957
1584
3002
4058
1200
4449
4412
4737
4859
1022
3385
409
2264
4629
2035
3685
2989
3359
4034
3668
706
1061
1332
3489
4638
4553
3778
1115
1706
3459
2472
2331
2792
378
3958
2563
251
367
1149
4363
4919
1161
1470
147
3657
3947
4291
1993
4293
1957
3314
4855
3715
2833
2656
1361
1271
1513
771
4675
4089
2422
2838
338
2374
226
1729
3741
3564
4246
2409
4693
1938
2069
835
61
2458
4917
980
3897
230
3501
3802
1012
255
1189
974
1327
2016
957
3740
3245
3294
4816
4526
3208
2914
1730
2324
278
4542
3411
4908
419
4239
1
1438
1046
3549
124
2538
436
2152
582
3288
1909
2319
1655
1695
424
1300
2943
1342
4308
2810
4595
1725
985
3064
3628
802
4514
3739
3198
3217
2720
1749
3787
1359
2539
505
1577
3888
659
3936
120
2723
713
3214
781
339
1914
4324
1601
1580
4891
3185
1555
4822
2583
3579
321
4133
3303
3216
508
3017
1222
2806
3154
768
873
827
3438
693
2387
3353
4013
1466
956
4786
4875
491
3811
1008
2575
2075
4986
127
2267
1272
1987
4206
4183
2359
622
479
1502
4691
3446
2672
1682
1986
275
4627
1769
853
4452
448
2828
4727
3961
3810
1835
4217
196
2190
977
1060
4647
34
3108
2268
612
1187
241
3691
2736
3608
142
4547
2580
548
1785
1374
1789
2194
1497
1476
2486
1216
784
2961
833
4216
3848
2444
1512
415
4121
4821
4489
1218
2443
1979
2921
4580
3950
599
1572
3665
495
4755
4066
1482
170
2141
1380
3536
3724
3633
1365
953
1231
3775
4788
1898
1896
4681
3156
2622
2902
1444
207
78
641
3847
1433
2273
837
2358
940
1268
3285
4255
375
4613
3120
3305
10
3291
1110
2056
3505
2550
2293
1680
231
3504
4976
4581
379
2953
2092
2066
4601
2630
538
1324
38
1641
4407
2436
3449
2625
1193
4435
4734
1847
4817
634
4963
3068
2147
509
1871
783
4060
4029
2995
1509
1050
2574
2851
1025
2173
3808
1465
4829
731
2019
3042
679
3362
2277
4940
4618
902
4511
2149
695
3397
955
4465
1710
2624
1864
4381
47
1944
2491
936
3809
3674
4038
1525
636
700
733
2313
4134
4337
1826
1056
1558
2338
3852
847
3606
1926
1977
4273
4243
2300
2655
3756
643
1671
1044
2741
174
606
3877
3075
1459
1894
894
4794
470
2692
4300
3138
878
2980
4375
17
1416
3941
1506
4025
4227
1317
4245
4652
3759
2811
4242
2520
1859
2589
966
238
405
213
4872
4673
4863
1888
656
1156
2373
3568
1304
3050
4713
2659
3092
950
1137
2616
3799
2340
1341
4508
1900
2138
3435
3968
2146
211
4784
2788
476
4334
3039
2855
685
285
2140
1096
2714
2660
362
2597
2329
4054
4163
1628
3250
1467
4914
1526
3677
3444
2451
3602
819
390
1843
2416
613
920
337
2819
1696
3673
858
1039
4373
4987
3091
2950
1321
2221
2160
4835
4149
248
3003
4770
4577
4830
1076
6
927
1346
101
1009
1931
1650
565
4290
3287
2889
945
2679
1510
3279
1319
73
4566
2144
1139
2717
4776
1954
3370
2649
4037
370
2251
2964
3348
4653
3306
2873
1326
1783
2621
2643
3207
1822
423
4820
780
4177
3202
4200
4436
813
1140
1026
499
438
3860
3029
4471
4728
726
889
2875
1242
4962
2195
3738
3311
4661
899
4210
885
1772
260
182
1209
1771
3967
1579
4911
4531
924
3440
4827
4625
4431
3229
1927
1849
3330
4871
2235
2226
2658
3553
1399
311
3197
3912
2032
3024
3372
3404
3636
2883
482
13
4175
1644
1302
4282
1471
1490
2559
3573
4132
3158
3153
305
208
1737
959
1480
2200
1723
2821
765
4221
1101
228
4814
1011
4584
4046
202
3074
3761
4641
2464
1715
4328
1322
1119
2733
914
649
1407
3885
1019
3899
2399
144
4679
3789
4620
2259
4651
4562
621
2375
4598
3249
2612
1367
3837
1658
3267
2762
2847
663
361
1054
4430
2654
2394
2305
2684
2702
1372
805
4780
3180
3356
4426
4001
4333
2015
4231
807
256
960
2680
3689
297
1728
2577
1630
2636
2046
2738
4995
2296
1207
4952
1810
4912
4080
2168
2918
665
1055
879
4695
3917
4583
1376
4823
4178
542
2407
3714
1158
293
2201
3656
3539
2894
2425
3462
741
3264
830
3430
3019
1150
3347
1970
3373
2275
3155
1869
4461
1528
4915
3696
869
35
3346
2055
1867
2064
14
4808
1125
848
4002
3081
4423
1852
2309
2151
2180
389
1246
3211
63
3693
2430
3583
801
4238
2725
2694
4473
4207
4186
295
2462
3984
832
2051
3630
2719
1946
8
2718
3231
1474
825
2120
4041
4214
3570
4561
2271
2804
3186
3785
286
4225
2186
2897
4007
1581
4403
2433
2853
507
1352
1899
1657
686
834
3225
1803
1389
3070
3973
4765
1812
473
3824
1608
1778
2009
1991
4775
2033
2065
4277
4179
922
4590
589
3390
2490
324
4325
1070
269
1247
1638
1179
4988
1085
3344
504
4284
3020
2246
3509
4332
1570
3711
2809
3949
3461
683
2840
1316
40
3735
4494
2966
4466
4094
4160
4575
3037
2455
3255
1645
4972
3351
4301
639
4399
521
2619
1712
2346
1500
1388
4811
4867
259
4215
261
3518
1547
3479
382
1505
919
245
3069
3695
1780
4949
4397
4858
4892
4807
1586
4108
276
1042
596
3698
56
445
3178
2535
2070
3503
1404
4716
732
4006
4233
2258
2479
1568
570
277
1675
2250
4841
1817
3580
4749
3371
3497
2839
2010
2969
3386
3096
3834
2202
65
661
4400
1981
2775
757
1100
3379
1775
4082
4202
1183
1356
302
3530
1820
4150
393
3448
2113
1456
3851
2700
209
4969
935
3470
105
1363
2350
4490
33
3192
2919
1829
3007
1403
3381
4516
3631
2603
1111
1863
664
912
2492
4374
4607
1397
1698
3384
2955
4230
1744
3036
1731
323
288
2893
3874
2026
1662
2372
4136
3100
2874
1736
2150
1617
3491
1212
3030
2871
4228
1318
2037
1301
3682
1516
3649
4123
2321
1960
2242
652
4890
2091
2130
2174
3474
401
979
2549
466
1529
3790
2061
4275
4143
3722
3508
2959
1884
3011
4944
575
2245
4743
425
4518
618
68
872
2323
1664
502
2312
3760
4378
1282
3173
4181
4365
4236
1535
3723
946
1279
2553
1064
1360
3109
3797
929
407
2511
4427
3304
3980
418
710
1337
3647
2118
4266
803
1013
3871
1288
3538
1716
2081
4907
4110
2470
4505
4548
3104
984
2397
1719
4697
3429
447
2881
1048
4168
789
2325
2343
2946
681
3989
3107
4154
3904
1431
3159
55
3705
3031
3336
1290
1355
4190
3324
2598
2844
4309
272
2471
2493
4683
2052
1554
2327
114
2181
2689
2831
471
2424
632
844
4535
1007
1685
4799
4158
1678
4439
1679
1235
3911
2411
1842
556
4283
1697
4918
3831
3254
3820
3863
435
1585
2601
2437
2753
4076
4611
3750
1063
4344
2747
1090
200
4710
2768
1273
2759
394
4536
2284
2030
2662
4269
4732
1761
2540
1830
4565
4585
2850
3701
798
4226
4666
2705
1289
3292
4413
870
1800
3246
3728
4460
3676
546
2678
145
242
3224
3881
4
3612
3473
3399
4785
4916
839
3119
3452
1575
2817
1255
1128
4027
989
1412
3184
1552
797
421
3598
2214
607
3592
3660
4050
1821
4000
4612
1452
439
3271
4268
1776
188
4513
3286
3589
3363
2154
4036
4603
4331
531
4354
3614
44
2986
4148
1034
4797
1906
543
4120
3571
4022
4010
3640
267
1387
2230
1184
4032
2803
1228
762
1770
450
1280
2279
3736
585
773
458
3964
2466
3194
316
1592
1097
178
3321
1031
4351
3880
2191
2082
1924
4621
4499
3431
1402
468
2681
4605
2965
739
2315
1862
2793
4040
1574
2614
4840
1138
1238
4696
1787
2025
2090
3275
2487
4015
1244
2395
3052
451
4271
3918
3325
3944
3819
4544
472
3638
1049
4667
4599
4515
2661
3605
817
350
4167
1784
3343
3713
1494
3781
1472
2254
99
4113
3140
2249
2257
4483
2116
1253
4659
3764
3551
1959
3393
1016
3550
4114
1065
717
2544
3071
4792
1874
4537
3468
4257
1457
2366
2299
1263
2133
3597
138
996
2104
2294
151
4232
2934
3219
1176
701
1861
806
1937
796
154
3858
4484
3593
2941
4506
4731
3033
1264
2501
2063
3982
1507
4610
1753
1410
3457
1660
1148
3128
1144
952
4458
4722
841
2123
615
4298
2170
524
1245
1392
26
3454
2991
3707
1295
2348
4017
1672
2690
2131
4847
1262
1146
4608
4589
1532
4398
4316
395
1274
432
388
57
3261
3603
3671
2129
2560
2047
3990
1689
1357
2617
417
493
1998
3694
637
775
648
4319
999
4832
749
1131
792
4519
1667
485
4078
2578
1790
4475
1424
4707
4064
4979
3103
4649
3427
597
1674
3558
2497
4335
1107
1571
2805
110
1669
1328
111
3853
4384
915
2114
2882
2932
678
2172
2997
1483
184
2877
4454
2566
133
1448
4576
2518
1880
3442
2916
2320
455
4352
4169
4763
1933
4241
3524
2912
3813
4803
303
1291
2960
74
3133
46
3334
3924
2183
2376
4220
3600
3005
434
1426
3966
3798
136
3082
2107
4631
887
917
4272
2600
2908
2253
3652
1298
4063
2316
347
4339
657
189
2567
2088
1094
3466
1760
2724
1233
330
669
918
4493
580
1703
2974
2384
1400
4044
177
1751
30
845
100
1396
1489
1120
2355
1508
986
2368
882
3617
2097
3078
80
4408
123
4189
372
1654
2435
2928
2233
3943
3469
4391
4591
2981
3047
4662
3040
3531
4492
1768
1354
1962
600
478
3265
2558
4306
4258
404
2942
1972
3513
2674
1980
3832
745
3171
514
4390
3204
1217
3094
2488
2652
692
191
4945
2057
4364
2699
440
4209
2730
2604
1371
344
714
809
1809
2618
1266
2514
3623
1836
2310
3856
1642
3666
84
4295
1191
3769
2545
4964
3747
1037
1336
734
963
1818
3485
823
3868
3080
1755
3088
474
4981
3317
3898
631
903
4151
1154
3692
4447
1373
2176
1813
2196
3684
2205
292
3981
859
452
1160
1615
4418
2896
1333
93
3443
1544
4953
4795
119
2402
3496
3669
4688
368
2767
2192
2727
1963
928
250
237
29
3940
584
2013
3277
1383
752
3000
83
400
2651
1020
962
3933
2156
1261
4568
3323
2239
12
3360
728
4472
2648
1151
4350
4534
4923
3093
3616
2111
3864
2099
1982
1876
2229
1814
343
1105
1130
3801
148
2813
3793
1711
4122
513
2773
2204
1297
4497
1816
1929
155
909
3889
106
3295
1167
4411
2530
1955
4304
558
1126
446
92
1010
1702
4468
545
4124
1604
3098
4615
2034
2439
299
3028
1165
1339
2646
1556
3515
4677
221
4164
1473
2985
2198
1854
850
2127
2973
3914
1485
2087
4279
2752
4367
3648
517
3946
1170
4118
4769
3965
3733
842
3595
1948
2077
2737
4372
2770
2244
1503
2526
3770
1699
1932
429
1038
2303
3115
997
572
3300
4165
4985
2007
4586
644
737
838
3997
4884
4609
1827
4633
1994
3313
2590
2189
1095
2318
3569
3387
2248
3135
4939
449
3751
2524
4622
4501
2688
579
1283
840
268
2388
422
2270
4787
4864
4380
4425
2755
4888
454
4740
118
2148
1145
2522
104
2017
2351
868
1707
3357
1855
1142
3942
2285
2870
1651
79
369
1647
1382
24
4997
3187
4793
183
1215
3023
4868
1040
1157
898
4748
2835
3537
1693
301
3263
978
2089
1251
1254
824
1833
2867
2209
97
2403
1758
754
1656
1188
3145
3643
3659
1733
2335
1576
3678
215
4680
1210
932
4260
246
1720
3956
4219
4073
263
2139
2993
4523
3223
4541
166
3675
3734
3258
4187
730
3846
4166
1198
1793
4947
750
135
4984
3251
4323
129
4975
2593
3315
3416
2496
2071
2970
2849
236
412
2872
1106
2053
3260
1069
283
1607
2134
4315
2505
3753
2633
3296
2295
4921
186
4897
4971
3455
2748
2640
4101
2132
969
2569
742
1330
348
2832
2185
3566
2038
3670
628
3672
2735
520
4692
1718
1870
3297
4658
4503
970
2336
1350
1434
4338
746
217
1722
2606
1549
298
2782
2937
1633
3169
1626
1351
1713
4107
4628
1562
3236
2862
716
1164
723
3257
3540
4925
666
1260
1915
381
4614
2222
4982
4572
4500
1841
4880
1072
1995
1665
3432
2167
1211
756
4521
3650
3266
164
2292
2485
294
2274
4977
638
284
1557
877
3129
867
4043
71
2169
804
794
1950
308
3925
2086
2478
1313
481
2465
4766
4606
1594
709
3494
1536
3983
576
153
1701
4703
1240
31
2021
846
2791
1958
3270
1593
3928
1004
4342
310
1971
4712
4116
4958
609
3415
826
4874
1329
2521
3754
2345
3972
4263
4444
2750
4023
1079
4195
3403
2947
3792
568
1015
4450
3900
3876
2711
4474
4781
1999
2765
4377
1421
2240
1724
25
3708
2467
3060
4480
938
2211
4592
4895
2879
334
747
1714
1192
3970
3818
3718
1174
4021
3827
4853
289
2948
4099
2031
702
2199
1845
3791
2641
4866
341
2519
356
3289
1185
4729
1143
1205
2637
1917
2341
1053
3717
2159
4479
3262
3644
1533
1613
59
2666
1369
2709
2507
1735
2758
3167
1677
3177
4720
2609
4721
1104
3514
2665
4560
1997
3991
3841
3905
2048
4288
2562
2722
4935
4141
2972
4212
2602
1911
4437
2330
4117
1454
5
4067
4155
3352
2413
1844
2482
3619
4262
3934
122
58
3780
2460
2757
3651
2283
675
3293
3624
782
2892
4957
3804
778
3890
2887
1113
3953
4383
2557
1364
2489
2126
1305
2043
697
2260
4119
3954
3607
325
1743
1172
1523
2570
4404
3896
2682
3548
3190
1178
2587
3332
146
4090
1652
396
4573
1767
2353
3328
4009
2477
4642
87
313
2101
3812
2232
2378
2903
358
4281
672
3634
590
3342
4525
4772
2360
748
240
3948
4491
699
2938
1269
3869
3556
4532
2911
2423
4016
1515
60
2265
4779
3044
2585
829
2269
688
331
1597
1203
1792
3205
281
3111
3971
2901
3771
2301
3830
3710
1445
3113
3054
3667
3165
1182
1213
1659
2442
1285
247
3437
1883
3887
1804
1236
4857
3426
523
3712
4709
19
1806
22
2620
2789
431
4084
4504
948
4941
2586
539
2939
266
203
1788
1623
711
890
204
1068
4616
3766
2278
3625
2749
533
857
2944
3137
4744
1823
2363
3121
4559
2742
4079
1028
2983
1648
2440
4932
2626
2513
674
4934
4248
497
1058
1199
4543
2347
2924
547
4702
3232
3590
4428
4711
4448
1934
3465
4467
983
243
512
4686
501
1952
1486
354
4762
3512
1117
3599
722
1017
3134
687
3463
4077
1418
2049
3439
1491
3844
2613
2417
210
1067
518
4660
2807
4739
2142
52
4024
4801
95
1992
1177
4904
4698
4314
3425
322
849
3043
4340
2591
3699
3248
3160
304
2556
1393
4256
3658
510
1220
566
220
1234
595
4161
4310
1000
3112
399
3212
1846
441
1132
3506
3875
1206
629
3777
3061
4003
4153
4453
1488
3382
1002
3632
4356
2380
453
574
2155
2018
2040
1573
4302
779
2476
1635
1451
923
4138
1116
881
4191
3974
1967
3319
3077
776
2178
640
4296
2311
3079
2731
1602
4834
3663
1201
4931
2420
2721
1910
4694
617
3642
3118
169
3857
703
2220
1168
3554
1340
4860
2904
812
2546
1075
3913
647
930
4989
2683
1538
759
516
3782
4948
2795
3507
3998
2818
4059
1223
4524
886
3561
1951
708
583
4906
2469
1578
4956
2706
3136
1895
3252
3763
3664
3335
3703
1925
3519
4317
4004
2108
1005
1243
4070
140
2697
677
206
4129
705
1514
1819
1123
392
1449
3784
225
2527
3842
3700
4292
2332
3290
2383
654
4103
3891
2645
4249
1312
1548
1521
1762
85
2676
1625
3378
1717
2996
2005
4896
3345
397
594
2670
3562
852
4936
3902
4347
3915
2607
828
4594
2906
3105
1708
2094
676
2098
53
4171
4176
3823
67
1941
2976
4336
4876
3269
3026
270
1587
2203
2796
611
1643
2012
4777
3872
4635
427
883
3969
3199
2166
954
2461
2631
3419
2
28
3893
4020
1219
1989
4966
4470
371
4152
880
982
2509
4030
4771
3025
4441
70
3645
1088
2852
541
3762
1631
1252
3221
698
3486
2898
1062
1447
3637
4569
2671
736
2512
2044
1153
3526
1956
3139
3613
1973
3516
3927
2693
4546
4083
875
3422
1303
2334
4180
4174
3408
3563
132
2100
48
1834
2117
2157
4869
443
1468
972
1808
27
4265
1542
1378
3338
4264
2534
1740
2302
3151
1221
2537
3355
1936
4848
1035
3729
4049
725
4885
772
3318
1681
821
1109
1229
557
2042
4597
1918
1186
1232
4954
4959
2356
274
3477
973
4938
1460
163
3445
2404
3166
635
3721
1311
2653
981
1990
4115
1259
2780
1141
601
4305
3274
197
3365
3767
2543
1518
1550
2715
4147
2207
3932
1860
4434
4804
4320
3320
3126
3083
1309
931
218
1066
949
1596
1636
901
4558
1092
387
2571
760
3089
2054
3873
4706
4965
2112
461
1940
4396
3326
187
2506
4392
3825
2642
4798
4669
2880
3995
384
2028
1320
1496
958
2582
2899
2463
116
1668
2825
4630
3235
2349
4287
1754
4357
117
4571
413
3594
3143
860
864
1478
1315
1024
252
374
3935
2473
4725
1314
1353
345
1774
3923
1539
2691
3354
1795
3456
1634
2647
2225
735
4028
2431
306
2933
633
1639
233
2162
3576
1338
3148
3146
1815
3407
3316
3409
2445
3391
4386
4345
3377
4146
161
4488
503
1700
1429
976
1394
2778
1108
4455
761
1705
671
4322
4970
3441
4574
4299
335
2504
1368
296
2869
4664
1395
1777
3220
1779
4039
3244
4671
2500
2814
2503
3117
3282
1114
3951
571
3436
1267
2282
2197
2367
2799
3859
175
1408
2800
1605
2272
2812
4557
2379
2771
54
3238
2868
2125
2432
1676
555
3697
1417
3879
3748
4791
365
4213
1501
1080
1825
3960
328
3423
3218
4095
4289
168
3106
2639
4145
1786
357
456
646
4865
3210
1093
1029
4796
1484
2726
32
4329
4502
567
987
462
352
1084
2554
660
2361
2744
4624
340
4297
2763
4193
4687
3803
2573
4047
908
3163
1801
1278
4626
4540
2623
1293
1166
4705
4773
684
3125
2381
2859
4774
2783
4065
3745
715
3482
4069
3087
673
3826
150
995
1169
4527
3460
2926
3389
724
626
2237
1646
3032
2888
3309
2929
134
4551
4517
2261
2605
1611
4379
2963
3099
364
2677
86
141
1057
818
815
2354
4109
2635
185
173
327
3679
3814
4389
4685
2823
3861
3577
2891
2080
3259
994
992
4127
2988
488
1892
786
3525
3067
3815
4438
113
4395
2187
4469
3635
2452
4881
4690
410
1559
862
353
561
1159
4663
1440
2029
4237
843
2994
2555
4414
4974
2175
1147
4419
3183
3993
625
1036
4495
2824
1499
4197
871
1765
550
2438
4747
2256
4570
1033
1857
1752
223
1099
1673
1904
3687
4462
2045
4825
3618
4360
3586
2405
4368
2337
1409
964
1265
2215
4994
1446
729
159
2165
785
3610
2729
4851
2708
2412
608
4645
4818
2816
408
2925
4087
279
2344
2547
2952
1545
2076
3627
3892
2532
1851
4967
2223
4313
3776
1414
1442
4905
1878
913
1345
2370
925
4102
273
3591
1791
4632
2551
2712
1591
3817
1284
3854
2210
4733
3006
4579
1949
3520
4933
4247
2628
4267
4229
2686
2754
2922
2687
380
4926
4111
1405
511
3193
4224
2842
1014
2698
2638
1969
45
4930
1566
1423
3383
4446
3737
937
1684
1087
658
3053
2510
3051
139
469
4805
3413
4678
3596
4361
4634
2062
1082
2145
2263
1858
4883
1453
1136
1961
2794
2610
2542
2820
4999
1598
287
2801
2716
4128
4730
2449
88
3838
2954
2410
3490
1292
4510
3035
738
4861
4640
2434
2931
3329
467
2588
2179
1450
3920
4654
3835
2766
3862
3141
152
3239
2999
4303
4899
3957
998
2990
1214
939
51
4983
718
3322
1905
2468
4802
1059
3364
3038
4736
2667
1415
3582
4349
72
224
2236
244
1606
1073
2385
2314
2740
3368
3498
229
4053
4042
1890
300
3013
96
3395
4421
1653
2876
888
1286
50
1661
3585
1230
2777
4140
951
1001
2188
2673
630
1612
1983
904
554
4311
3056
1152
480
536
1745
961
2756
3732
2022
4582
2281
528
227
4075
194
2945
4993
4836
3681
891
1840
1739
3127
2595
4343
1436
2703
627
1032
4192
2085
1441
484
1621
1850
4990
4619
3176
4485
4376
2863
2137
2304
655
719
3233
3939
544
2713
3237
2446
2769
1794
2008
4920
21
4530
4639
4943
1091
1498
3528
3049
3849
854
1614
4828
1308
4826
2829
2241
351
498
4251
1237
3312
1437
1366
109
1738
4854
4429
1978
3779
4203
3833
4172
3066
1726
2979
1540
4665
3547
744
562
2095
1807
3366
1534
2266
4955
4898
3307
363
569
4358
2701
563
3097
4550
2845
1427
317
463
1307
1112
4704
3629
2498
2365
3400
2308
3866
2854
4402
2632
1824
2940
2695
1856
3063
3757
2517
3130
791
1098
787
4809
282
1381
4278
4980
527
1296
2523
239
1524
11
680
112
3878
1873
4280
2238
2502
1942
2002
892
489
906
264
2657
2419
3337
2228
855
592
1276
4887
549
1802
3800
2927
3587
2644
4951
2326
4048
39
1916
2495
851
1398
332
2822
933
1462
3388
2060
4072
3201
1083
4098
4556
4968
420
3884
1196
1811
1052
1078
670
4019
3742
2843
4623
758
4235
487
3567
2685
179
4617
2448
3227
662
4126
3076
740
2761
2529
1828
1921
3653
1773
3
4388
1968
195
965
2429
2106
3222
3016
16
4924
1560
610
2608
4422
4394
988
1690
4240
3822
991
645
942
4682
3646
1124
4684
4091
816
290
3937
3886
3978
359
3686
767
3534
1171
1129
3272
4738
3719
193
4928
41
1323
553
3910
2298
4137
1865
2398
581
2910
2561
534
171
457
573
1543
4512
4761
3926
2696
1868
4481
1619
1541
2342
1481
4596
4555
1439
2109
1757
591
4415
3453
3546
477
1838
2846
2122
1241
1953
1759
4318
3929
1173
4942
2984
157
4393
4806
3994
947
2611
2058
1175
2663
604
4756
3821
2599
2291
1422
314
2408
4159
1798
1848
967
3788
577
4223
921
3164
2848
3243
603
3922
307
355
4819
3870
3680
4554
1522
205
1732
3226
4185
4889
3009
1748
36
4676
366
1258
249
2669
4538
2592
1435
490
1270
2905
1561
15
2841
94
4477
4252
143
3434
3230
3706
1195
3471
1975
2650
2858
2328
3472
1226
4093
1877
4507
4254
2024
793
496
2158
874
3433
1530
131
3533
2216
214
532
4442
593
1118
1746
4656
4359
2219
519
895
537
704
2289
3743
2418
1370
1922
727
1492
4961
1919
1386
4909
1127
4355
442
2975
3350
1704
2153
4031
529
222
475
3839
262
4433
4849
1224
1249
2808
4862
2135
1996
2629
3557
2161
1051
799
3532
1086
1306
4478
75
2276
1866
3380
2552
1027
4198
3986
4486
2288
315
333
2414
336
1837
3467
2177
3963
4764
1943
4156
1889
4366
2890
426
64
2184
3276
1881
3057
4563
944
2668
3805
3480
1102
2364
3015
2581
4960
4061
1023
4588
4440
165
934
2483
795
4370
2494
2128
1595
76
1299
1275
4852
4672
2987
3976
1741
1727
1517
4637
1831
2830
1248
4482
2073
3517
4996
4751
234
3428
4106
3977
4844
4587
2776
3908
1537
1637
3572
391
3959
3502
3179
3794
2615
4718
682
2857
3730
1590
900
4539
4085
4831
770
320
3581
2982
3541
4723
3010
2827
3228
3909
651
3529
3987
3478
1458
3535
2280
4096
3122
1385
1600
2369
2760
3588
3609
1122
2450
1897
3331
3709
1709
216
271
2774
2739
3213
3522
4714
1627
1428
291
1202
2389
4011
2915
836
1294
3299
4701
1469
4062
1287
444
3559
2790
3843
1839
2287
1527
1551
1616
3150
411
3840
2784
318
4035
2878
3641
1003
2516
540
3412
3768
893
4097
232
4071
2421
1891
160
4092
535
3621
720
3374
3421
1277
4901
4445
3758
2247
2096
403
3488
3114
811
4250
1974
2208
4657
1479
911
975
4259
3829
1565
3447
3188
4746
3062
3865
1375
2564
2390
3215
190
2171
3242
2815
3001
3543
1391
2584
253
428
3247
3975
1455
1135
1965
1310
4208
3283
2634
3850
4026
4549
91
3375
3544
3157
4341
4139
1966
4650
3162
130
2508
3209
3132
1180
2078
3765
3073
2459
3611
181
4768
2317
3123
4600
81
4416
3147
4382
4157
2864
3527
82
2499
2001
605
4528
3191
4790
1071
3086
3955
1805
3358
2707
3310
971
3988
219
4893
2218
3014
3979
4330
4405
377
2093
3725
3253
515
4201
4457
2396
4406
3552
3574
1799
4757
4644
1640
3420
1362
896
4643
460
884
3945
1756
4846
3333
4520
2913
2000
3952
3575
3065
1622
4052
1988
3376
4843
552
4815
4886
3500
4879
4604
721
769
3626
2039
4432
2391
326
5000
3806
3521
3327
1901
492
2594
3464
4142
1797
1903
235
2949
814
4927
1045
4130
3565
4700
2866
2362
1194
4417
4144
433
3746
1208
4055
2895
1349
993
3755
1430
1582
2923
4903
3004
3175
3615
2041
2836
3828
2164
4131
1879
3206
62
810
525
4894
2456
108
865
1742
4188
2074
2457
4845
4081
4068
2751
4668
3704
4856
3048
4274
3085
49
690
1913
2234
1343
3727
4878
1747
3072
602
2243
2252
3161
3716
4056
3041
2307
1583
822
3349
1443
1377
3018
1872
3414
2475
2453
4545
4946
3195
3152
406
3661
2936
3406
3916
905
4978
149
4719
2084
329
4222
172
620
2704
3181
2764
1495
3410
3090
1419
619
1764
1920
2392
3702
2227
623
1225
3392
4564
2003
1081
2568
941
943
3021
3394
3772
3845
4410
3783
3475
4950
4005
907
1461
2119
4567
4991
743
2734
4833
2484
3339
1331
4182
3110
4900
4735
2907
2136
102
1853
3796
3492
3102
69
4184
4112
2377
1763
2006
689
3720
1134
1984
1610
1564
2115
3807
89
564
696
4424
4813
1531
2103
4882
876
667
3901
1721
4602
162
4464
4929
4533
4699
4758
1420
2579
3172
43
4783
3367
926
1475
4057
4578
3481
2382
125
3424
2977
1401
3731
4552
3059
2011
2163
2978
3495
2193
831
2357
3688
559
3584
373
9
1976
2306
4218
4487
650
4837
494
1923
2968
4778
3795
2068
653
1893
2930
4387
4670
3027
1344
2958
103
1599
4812
4741
3962
598
3545
1133
2206
3662
2525
258
1464
128
1928
4750
2121
1204
4125
3906
4234
3894
3046
4646
4753
4409
1325
3045
2786
1553
3690
4135
1021
910
2920
1358
530
1569
2956
4194
4767
3298
866
4088
167
3273
2255
4800
1257
2014
2182
3101
2427
1379
3930
2565
4509
3493
4074
2067
578
2454
2406
1348
265
4162
3308
1425
1163
483
3418
126
4810
2050
2971
4877
112 1 5001
696 1 5002
795 1 5003
2355 1 5004
4401 1 5005
2792 1 5006
4700 1 5007
4787 1 5008
3827 1 5009
4781 1 5010
121 1 5011
2083 1 5012
1380 1 5013
4084 1 5014
582 1 5015
1694 1 5016
1176 1 5017
4057 1 5018
3138 1 5019
3098 1 5020
2068 1 5021
4962 1 5022
1481 1 5023
3917 1 5024
1902 1 5025
260 1 5026
4816 1 5027
3099 1 5028
3459 1 5029
4315 1 5030
2723 1 5031
2937 1 5032
3487 1 5033
1229 1 5034
4529 1 5035
4373 1 5036
3967 1 5037
1047 1 5038
637 1 5039
3634 1 5040
2169 1 5041
1038 1 5042
3990 1 5043
3535 1 5044
2034 1 5045
1846 1 5046
4183 1 5047
200 1 5048
4589 1 5049
837 1 5050
3839 1 5051
2722 1 5052
4634 1 5053
2831 1 5054
2081 1 5055
4666 1 5056
4403 1 5057
3851 1 5058
2555 1 5059
1054 1 5060
2479 1 5061
1852 1 5062
4914 1 5063
3642 1 5064
4387 1 5065
504 1 5066
228 1 5067
3579 1 5068
4995 1 5069
723 1 5070
604 1 5071
4286 1 5072
2444 1 5073
4075 1 5074
1024 1 5075
3104 1 5076
676 1 5077
3229 1 5078
2309 1 5079
791 1 5080
528 1 5081
1622 1 5082
4536 1 5083
3830 1 5084
12 1 5085
2826 1 5086
3838 1 5087
1708 1 5088
3957 1 5089
4863 1 5090
3564 1 5091
3894 1 5092
441 1 5093
129 1 5094
1559 1 5095
4551 1 5096
2956 1 5097
3399 1 5098
2115 1 5099
1006 1 5100
2516 1 5101
12 1 5102
599 1 5103
4494 1 5104
1789 1 5105
1646 1 5106
231 1 5107
1150 1 5108
1324 1 5109
3177 1 5110
1848 1 5111
4523 1 5112
1007 1 5113
2563 1 5114
3766 1 5115
2128 1 5116
243 1 5117
4777 1 5118
2304 1 5119
628 1 5120
2332 1 5121
2288 1 5122
1833 1 5123
3290 1 5124
983 1 5125
1060 1 5126
4056 1 5127
1561 1 5128
4362 1 5129
4499 1 5130
2544 1 5131
3622 1 5132
2057 1 5133
3010 1 5134
1368 1 5135
940 1 5136
1274 1 5137
581 1 5138
1963 1 5139
4786 1 5140
1553 1 5141
1018 1 5142
2991 1 5143
2819 1 5144
4820 1 5145
4094 1 5146
162 1 5147
2134 1 5148
1255 1 5149
3173 1 5150
2439 1 5151
1112 1 5152
2280 1 5153
1326 1 5154
3700 1 5155
3788 1 5156
1835 1 5157
4156 1 5158
686 1 5159
1377 1 5160
2853 1 5161
1956 1 5162
1994 1 5163
475 1 5164
4412 1 5165
3972 1 5166
2605 1 5167
3631 1 5168
796 1 5169
1465 1 5170
1972 1 5171
3642 1 5172
1963 1 5173
2592 1 5174
3428 1 5175
3633 1 5176
3365 1 5177
1398 1 5178
690 1 5179
906 1 5180
320 1 5181
4935 1 5182
3643 1 5183
2161 1 5184
504 1 5185
2801 1 5186
1124 1 5187
2483 1 5188
523 1 5189
1352 1 5190
809 1 5191
2669 1 5192
293 1 5193
1210 1 5194
4369 1 5195
1709 1 5196
4828 1 5197
644 1 5198
2832 1 5199
1670 1 5200
4756 1 5201
75 1 5202
3042 1 5203
479 1 5204
2410 1 5205
4907 1 5206
1470 1 5207
3820 1 5208
3500 1 5209
4082 1 5210
15 1 5211
4458 1 5212
1198 1 5213
2333 1 5214
4340 1 5215
3807 1 5216
3366 1 5217
529 1 5218
4520 1 5219
4783 1 5220
2616 1 5221
738 1 5222
2738 1 5223
1854 1 5224
490 1 5225
3734 1 5226
4445 1 5227
2412 1 5228
304 1 5229
4473 1 5230
2247 1 5231
891 1 5232
728 1 5233
425 1 5234
3533 1 5235
2633 1 5236
1342 1 5237
3395 1 5238
517 1 5239
300 1 5240
3768 1 5241
188 1 5242
3594 1 5243
3128 1 5244
3338 1 5245
2528 1 5246
1738 1 5247
4194 1 5248
1337 1 5249
3981 1 5250
2650 1 5251
839 1 5252
2963 1 5253
816 1 5254
4127 1 5255
2333 1 5256
4092 1 5257
4262 1 5258
2590 1 5259
144 1 5260
850 1 5261
3795 1 5262
1660 1 5263
564 1 5264
2569 1 5265
3629 1 5266
77 1 5267
1945 1 5268
4599 1 5269
1848 1 5270
296 1 5271
4745 1 5272
1704 1 5273
1947 1 5274
4049 1 5275
290 1 5276
4330 1 5277
2793 1 5278
3325 1 5279
3066 1 5280
4033 1 5281
1719 1 5282
2080 1 5283
765 1 5284
3530 1 5285
188 1 5286
1465 1 5287
3376 1 5288
3707 1 5289
3715 1 5290
3324 1 5291
2169 1 5292
4481 1 5293
682 1 5294
4253 1 5295
2947 1 5296
2600 1 5297
557 1 5298
3275 1 5299
3901 1 5300
2717 1 5301
1698 1 5302
4841 1 5303
1611 1 5304
2238 1 5305
710 1 5306
4845 1 5307
2186 1 5308
1255 1 5309
3966 1 5310
2957 1 5311
2231 1 5312
342 1 5313
2846 1 5314
4780 1 5315
2408 1 5316
3831 1 5317
3564 1 5318
2648 1 5319
4521 1 5320
3943 1 5321
1165 1 5322
3814 1 5323
2703 1 5324
324 1 5325
2086 1 5326
1148 1 5327
231 1 5328
2171 1 5329
1779 1 5330
1357 1 5331
3262 1 5332
2568 1 5333
3434 1 5334
607 1 5335
938 1 5336
2552 1 5337
3943 1 5338
1903 1 5339
2582 1 5340
177 1 5341
3768 1 5342
1146 1 5343
1193 1 5344
4943 1 5345
2490 1 5346
3797 1 5347
4816 1 5348
3640 1 5349
4706 1 5350
2268 1 5351
3078 1 5352
3424 1 5353
3932 1 5354
4982 1 5355
826 1 5356
1773 1 5357
70 1 5358
1535 1 5359
4655 1 5360
4355 1 5361
3853 1 5362
3300 1 5363
2100 1 5364
2504 1 5365
886 1 5366
2713 1 5367
3014 1 5368
4280 1 5369
4333 1 5370
1861 1 5371
1368 1 5372
4240 1 5373
4056 1 5374
2228 1 5375
4657 1 5376
2086 1 5377
795 1 5378
2050 1 5379
476 1 5380
4079 1 5381
2837 1 5382
4990 1 5383
2744 1 5384
766 1 5385
4537 1 5386
2331 1 5387
1242 1 5388
4579 1 5389
4316 1 5390
4200 1 5391
1253 1 5392
4648 1 5393
357 1 5394
3176 1 5395
1928 1 5396
4397 1 5397
215 1 5398
81 1 5399
2110 1 5400
4572 1 5401
2464 1 5402
872 1 5403
4230 1 5404
4244 1 5405
1716 1 5406
467 1 5407
3021 1 5408
474 1 5409
3409 1 5410
1141 1 5411
1622 1 5412
2506 1 5413
836 1 5414
852 1 5415
280 1 5416
3641 1 5417
650 1 5418
2981 1 5419
1391 1 5420
125 1 5421
3415 1 5422
2773 1 5423
3776 1 5424
1931 1 5425
4001 1 5426
3257 1 5427
4152 1 5428
823 1 5429
1077 1 5430
2070 1 5431
2780 1 5432
4118 1 5433
4175 1 5434
3273 1 5435
4362 1 5436
398 1 5437
2373 1 5438
2223 1 5439
430 1 5440
4635 1 5441
4676 1 5442
948 1 5443
1781 1 5444
2650 1 5445
593 1 5446
1343 1 5447
2100 1 5448
4993 1 5449
1000 1 5450
4460 1 5451
3409 1 5452
565 1 5453
4143 1 5454
1039 1 5455
3943 1 5456
4954 1 5457
4667 1 5458
3095 1 5459
3973 1 5460
2077 1 5461
352 1 5462
3768 1 5463
4655 1 5464
3068 1 5465
1596 1 5466
3070 1 5467
4699 1 5468
1668 1 5469
1036 1 5470
1640 1 5471
2004 1 5472
1137 1 5473
3388 1 5474
1945 1 5475
3841 1 5476
2880 1 5477
3226 1 5478
783 1 5479
4054 1 5480
1310 1 5481
699 1 5482
3104 1 5483
4624 1 5484
4242 1 5485
732 1 5486
3207 1 5487
1660 1 5488
3046 1 5489
3561 1 5490
4114 1 5491
847 1 5492
2433 1 5493
64 1 5494
1526 1 5495
4711 1 5496
1608 1 5497
3766 1 5498
2344 1 5499
4072 1 5500
2807 1 5501
399 1 5502
4046 1 5503
1783 1 5504
2131 1 5505
2601 1 5506
3451 1 5507
1 1 5508
2290 1 5509
2929 1 5510
2405 1 5511
1004 1 5512
3985 1 5513
939 1 5514
4065 1 5515
1828 1 5516
4083 1 5517
486 1 5518
2707 1 5519
2270 1 5520
4488 1 5521
4220 1 5522
4378 1 5523
4519 1 5524
2434 1 5525
2725 1 5526
4074 1 5527
4076 1 5528
240 1 5529
2788 1 5530
2328 1 5531
2307 1 5532
2079 1 5533
263 1 5534
409 1 5535
2919 1 5536
4267 1 5537
1603 1 5538
129 1 5539
1023 1 5540
2202 1 5541
996 1 5542
535 1 5543
3623 1 5544
3232 1 5545
137 1 5546
4702 1 5547
2285 1 5548
2338 1 5549
4940 1 5550
3157 1 5551
268 1 5552
2478 1 5553
4093 1 5554
2495 1 5555
4835 1 5556
1480 1 5557
479 1 5558
3331 1 5559
3270 1 5560
3566 1 5561
3248 1 5562
4652 1 5563
2994 1 5564
2484 1 5565
2613 1 5566
3849 1 5567
1004 1 5568
472 1 5569
1122 1 5570
3357 1 5571
650 1 5572
4414 1 5573
2365 1 5574
2622 1 5575
4184 1 5576
2988 1 5577
2267 1 5578
4193 1 5579
3291 1 5580
1678 1 5581
4144 1 5582
1475 1 5583
4664 1 5584
417 1 5585
3674 1 5586
882 1 5587
3708 1 5588
1211 1 5589
3414 1 5590
4825 1 5591
4437 1 5592
2889 1 5593
1065 1 5594
3102 1 5595
1815 1 5596
2038 1 5597
2359 1 5598
4110 1 5599
3479 1 5600
634 1 5601
4774 1 5602
2045 1 5603
138 1 5604
823 1 5605
2739 1 5606
4138 1 5607
397 1 5608
2117 1 5609
186 1 5610
1241 1 5611
2382 1 5612
1278 1 5613
1857 1 5614
1007 1 5615
1760 1 5616
3137 1 5617
2109 1 5618
2953 1 5619
1834 1 5620
1883 1 5621
602 1 5622
4331 1 5623
3721 1 5624
1344 1 5625
2502 1 5626
124 1 5627
3648 1 5628
1358 1 5629
2574 1 5630
535 1 5631
1478 1 5632
672 1 5633
1287 1 5634
4275 1 5635
102 1 5636
3966 1 5637
2037 1 5638
4244 1 5639
775 1 5640
2691 1 5641
974 1 5642
3014 1 5643
3894 1 5644
2796 1 5645
1855 1 5646
311 1 5647
3478 1 5648
2039 1 5649
3516 1 5650
3925 1 5651
2126 1 5652
2776 1 5653
3675 1 5654
3963 1 5655
402 1 5656
2973 1 5657
3017 1 5658
3183 1 5659
4543 1 5660
298 1 5661
4155 1 5662
1278 1 5663
4890 1 5664
932 1 5665
821 1 5666
1630 1 5667
3832 1 5668
2977 1 5669
829 1 5670
2426 1 5671
127 1 5672
1606 1 5673
1295 1 5674
2184 1 5675
1355 1 5676
1447 1 5677
2346 1 5678
2917 1 5679
3785 1 5680
3097 1 5681
825 1 5682
2870 1 5683
4142 1 5684
1538 1 5685
985 1 5686
4480 1 5687
1575 1 5688
1918 1 5689
1809 1 5690
1680 1 5691
4234 1 5692
3627 1 5693
1708 1 5694
3050 1 5695
2859 1 5696
1589 1 5697
960 1 5698
4341 1 5699
4943 1 5700
3474 1 5701
3937 1 5702
3397 1 5703
3931 1 5704
2894 1 5705
3958 1 5706
1255 1 5707
1877 1 5708
3046 1 5709
2241 1 5710
4623 1 5711
3232 1 5712
2928 1 5713
4658 1 5714
2036 1 5715
1051 1 5716
3513 1 5717
1300 1 5718
441 1 5719
4930 1 5720
285 1 5721
4205 1 5722
2485 1 5723
275 1 5724
4433 1 5725
2 1 5726
843 1 5727
3321 1 5728
787 1 5729
1968 1 5730
2674 1 5731
3123 1 5732
2023 1 5733
4011 1 5734
581 1 5735
1829 1 5736
2611 1 5737
969 1 5738
2187 1 5739
3260 1 5740
387 1 5741
3558 1 5742
2295 1 5743
2293 1 5744
1805 1 5745
2457 1 5746
3095 1 5747
3621 1 5748
1493 1 5749
1213 1 5750
1832 1 5751
314 1 5752
440 1 5753
3479 1 5754
4695 1 5755
1080 1 5756
3044 1 5757
4166 1 5758
4177 1 5759
4564 1 5760
2878 1 5761
2781 1 5762
4067 1 5763
724 1 5764
4674 1 5765
3649 1 5766
2794 1 5767
3499 1 5768
3701 1 5769
2809 1 5770
4091 1 5771
2608 1 5772
4045 1 5773
672 1 5774
4427 1 5775
1287 1 5776
4998 1 5777
52 1 5778
935 1 5779
3693 1 5780
1134 1 5781
466 1 5782
2196 1 5783
2655 1 5784
985 1 5785
2974 1 5786
1135 1 5787
2243 1 5788
700 1 5789
3686 1 5790
3324 1 5791
1532 1 5792
4661 1 5793
431 1 5794
338 1 5795
3753 1 5796
881 1 5797
1021 1 5798
2325 1 5799
1974 1 5800
3316 1 5801
4046 1 5802
3937 1 5803
2193 1 5804
2267 1 5805
4863 1 5806
1549 1 5807
2637 1 5808
1308 1 5809
1876 1 5810
276 1 5811
4385 1 5812
3804 1 5813
1108 1 5814
2149 1 5815
4209 1 5816
2558 1 5817
3738 1 5818
1731 1 5819
1194 1 5820
1042 1 5821
2363 1 5822
1748 1 5823
2393 1 5824
1074 1 5825
3766 1 5826
4710 1 5827
3340 1 5828
1357 1 5829
4806 1 5830
2820 1 5831
367 1 5832
256 1 5833
2200 1 5834
740 1 5835
1583 1 5836
1799 1 5837
611 1 5838
571 1 5839
4057 1 5840
4711 1 5841
4290 1 5842
3414 1 5843
1258 1 5844
2270 1 5845
1339 1 5846
882 1 5847
4488 1 5848
1921 1 5849
4210 1 5850
708 1 5851
3231 1 5852
1612 1 5853
2846 1 5854
4633 1 5855
2532 1 5856
1412 1 5857
4073 1 5858
2222 1 5859
2948 1 5860
791 1 5861
4947 1 5862
880 1 5863
1916 1 5864
4177 1 5865
935 1 5866
2476 1 5867
2570 1 5868
1664 1 5869
4868 1 5870
4927 1 5871
1058 1 5872
2872 1 5873
4444 1 5874
3725 1 5875
4025 1 5876
3142 1 5877
4791 1 5878
3205 1 5879
92 1 5880
2904 1 5881
160 1 5882
2939 1 5883
3624 1 5884
2795 1 5885
1037 1 5886
1339 1 5887
1115 1 5888
4475 1 5889
1650 1 5890
3948 1 5891
4017 1 5892
2589 1 5893
3550 1 5894
3945 1 5895
3215 1 5896
3295 1 5897
3924 1 5898
4193 1 5899
618 1 5900
1981 1 5901
1057 1 5902
1207 1 5903
3103 1 5904
3501 1 5905
492 1 5906
554 1 5907
796 1 5908
2979 1 5909
1016 1 5910
4157 1 5911
3549 1 5912
4541 1 5913
307 1 5914
2878 1 5915
3791 1 5916
2143 1 5917
4553 1 5918
2690 1 5919
1719 1 5920
759 1 5921
3720 1 5922
3622 1 5923
4410 1 5924
1593 1 5925
765 1 5926
840 1 5927
1142 1 5928
4010 1 5929
461 1 5930
3979 1 5931
1959 1 5932
1936 1 5933
4956 1 5934
669 1 5935
1418 1 5936
2367 1 5937
1816 1 5938
1379 1 5939
4412 1 5940
717 1 5941
1094 1 5942
490 1 5943
1531 1 5944
118 1 5945
594 1 5946
4710 1 5947
4194 1 5948
3048 1 5949
362 1 5950
2766 1 5951
4168 1 5952
4471 1 5953
2067 1 5954
4134 1 5955
3233 1 5956
4353 1 5957
2578 1 5958
1219 1 5959
1218 1 5960
1570 1 5961
1635 1 5962
1074 1 5963
4889 1 5964
3040 1 5965
4380 1 5966
2207 1 5967
4441 1 5968
2343 1 5969
4498 1 5970
625 1 5971
465 1 5972
3236 1 5973
3673 1 5974
2723 1 5975
717 1 5976
3685 1 5977
887 1 5978
2364 1 5979
107 1 5980
3526 1 5981
4209 1 5982
1199 1 5983
4062 1 5984
2349 1 5985
443 1 5986
4579 1 5987
3061 1 5988
2806 1 5989
755 1 5990
4403 1 5991
2124 1 5992
3087 1 5993
1614 1 5994
2517 1 5995
3240 1 5996
1444 1 5997
1153 1 5998
1567 1 5999
4558 1 6000
3147 1 6001
1816 1 6002
332 1 6003
364 1 6004
1168 1 6005
3817 1 6006
4474 1 6007
3709 1 6008
2905 1 6009
2345 1 6010
3046 1 6011
1432 1 6012
2186 1 6013
4452 1 6014
1301 1 6015
3689 1 6016
3928 1 6017
4480 1 6018
260 1 6019
2606 1 6020
1977 1 6021
3186 1 6022
176 1 6023
3906 1 6024
3873 1 6025
4222 1 6026
2462 1 6027
4956 1 6028
2542 1 6029
1723 1 6030
1483 1 6031
3424 1 6032
4068 1 6033
2700 1 6034
4108 1 6035
2635 1 6036
2041 1 6037
406 1 6038
718 1 6039
578 1 6040
2577 1 6041
2791 1 6042
4398 1 6043
1547 1 6044
1346 1 6045
684 1 6046
4936 1 6047
4913 1 6048
4944 1 6049
1114 1 6050
1491 1 6051
2187 1 6052
4856 1 6053
3430 1 6054
2994 1 6055
3581 1 6056
3960 1 6057
1932 1 6058
4244 1 6059
4213 1 6060
581 1 6061
3193 1 6062
3597 1 6063
3414 1 6064
4387 1 6065
2756 1 6066
2385 1 6067
4079 1 6068
407 1 6069
3896 1 6070
1854 1 6071
3684 1 6072
191 1 6073
3123 1 6074
3714 1 6075
506 1 6076
2991 1 6077
2578 1 6078
640 1 6079
4959 1 6080
581 1 6081
17 1 6082
2526 1 6083
174 1 6084
3773 1 6085
518 1 6086
4834 1 6087
2790 1 6088
1476 1 6089
1350 1 6090
4287 1 6091
1763 1 6092
1912 1 6093
2189 1 6094
4131 1 6095
2562 1 6096
2958 1 6097
3409 1 6098
3139 1 6099
392 1 6100
1506 1 6101
3983 1 6102
3844 1 6103
1411 1 6104
3641 1 6105
1188 1 6106
1451 1 6107
4311 1 6108
1361 1 6109
244 1 6110
1213 1 6111
4577 1 6112
1830 1 6113
4885 1 6114
3327 1 6115
3998 1 6116
1078 1 6117
404 1 6118
1702 1 6119
3699 1 6120
3749 1 6121
3981 1 6122
2535 1 6123
2446 1 6124
1897 1 6125
2630 1 6126
4983 1 6127
3555 1 6128
4070 1 6129
2636 1 6130
2010 1 6131
1919 1 6132
1146 1 6133
2651 1 6134
2831 1 6135
3911 1 6136
4761 1 6137
4962 1 6138
4242 1 6139
4032 1 6140
1056 1 6141
2419 1 6142
2231 1 6143
448 1 6144
2957 1 6145
4870 1 6146
2957 1 6147
3763 1 6148
3349 1 6149
614 1 6150
391 1 6151
3390 1 6152
4611 1 6153
3865 1 6154
3412 1 6155
4334 1 6156
879 1 6157
4340 1 6158
1999 1 6159
3016 1 6160
947 1 6161
3587 1 6162
2062 1 6163
354 1 6164
2487 1 6165
1404 1 6166
4879 1 6167
3048 1 6168
4181 1 6169
4540 1 6170
2717 1 6171
3063 1 6172
580 1 6173
1944 1 6174
3414 1 6175
4156 1 6176
2433 1 6177
3044 1 6178
4327 1 6179
2852 1 6180
176 1 6181
4262 1 6182
4309 1 6183
21 1 6184
4414 1 6185
2394 1 6186
3253 1 6187
691 1 6188
2953 1 6189
1615 1 6190
3348 1 6191
4003 1 6192
358 1 6193
736 1 6194
3383 1 6195
3706 1 6196
2241 1 6197
3531 1 6198
3011 1 6199
2902 1 6200
423 1 6201
4220 1 6202
2741 1 6203
4898 1 6204
4374 1 6205
1537 1 6206
4594 1 6207
3493 1 6208
666 1 6209
399 1 6210
3255 1 6211
1803 1 6212
408 1 6213
4986 1 6214
521 1 6215
1441 1 6216
1390 1 6217
2041 1 6218
2092 1 6219
2765 1 6220
1817 1 6221
1311 1 6222
1431 1 6223
2179 1 6224
2637 1 6225
4009 1 6226
2286 1 6227
3639 1 6228
439 1 6229
2270 1 6230
3029 1 6231
2936 1 6232
4885 1 6233
577 1 6234
4091 1 6235
515 1 6236
1868 1 6237
4527 1 6238
1115 1 6239
1195 1 6240
2311 1 6241
3087 1 6242
1180 1 6243
1351 1 6244
1878 1 6245
1772 1 6246
4353 1 6247
3755 1 6248
2619 1 6249
3324 1 6250
1368 1 6251
260 1 6252
3870 1 6253
4923 1 6254
4246 1 6255
3311 1 6256
2233 1 6257
2520 1 6258
1457 1 6259
3154 1 6260
2323 1 6261
2934 1 6262
292 1 6263
4304 1 6264
2145 1 6265
362 1 6266
4901 1 6267
4528 1 6268
3871 1 6269
1579 1 6270
1841 1 6271
1502 1 6272
2362 1 6273
4788 1 6274
2077 1 6275
3192 1 6276
1968 1 6277
4827 1 6278
1974 1 6279
209 1 6280
1054 1 6281
1924 1 6282
689 1 6283
1440 1 6284
3647 1 6285
2189 1 6286
395 1 6287
1217 1 6288
563 1 6289
2891 1 6290
2953 1 6291
297 1 6292
252 1 6293
147 1 6294
2288 1 6295
2901 1 6296
4961 1 6297
2897 1 6298
2916 1 6299
1355 1 6300
4863 1 6301
1019 1 6302
2388 1 6303
1862 1 6304
4938 1 6305
4510 1 6306
436 1 6307
61 1 6308
1000 1 6309
3774 1 6310
2296 1 6311
3965 1 6312
4469 1 6313
1193 1 6314
3535 1 6315
3185 1 6316
3286 1 6317
2252 1 6318
1540 1 6319
511 1 6320
1689 1 6321
1228 1 6322
2382 1 6323
821 1 6324
4130 1 6325
213 1 6326
4600 1 6327
391 1 6328
511 1 6329
2309 1 6330
1705 1 6331
1106 1 6332
2068 1 6333
2592 1 6334
2860 1 6335
4772 1 6336
3719 1 6337
3013 1 6338
463 1 6339
136 1 6340
612 1 6341
1799 1 6342
3616 1 6343
341 1 6344
2753 1 6345
4259 1 6346
3330 1 6347
1623 1 6348
1722 1 6349
3336 1 6350
2003 1 6351
2123 1 6352
3428 1 6353
89 1 6354
1232 1 6355
2582 1 6356
1941 1 6357
4860 1 6358
3070 1 6359
2254 1 6360
2689 1 6361
4365 1 6362
2570 1 6363
4399 1 6364
1550 1 6365
3459 1 6366
2305 1 6367
1630 1 6368
321 1 6369
4505 1 6370
1224 1 6371
632 1 6372
2445 1 6373
4084 1 6374
4436 1 6375
4194 1 6376
4826 1 6377
59 1 6378
2938 1 6379
730 1 6380
3762 1 6381
3497 1 6382
2838 1 6383
3348 1 6384
1412 1 6385
995 1 6386
383 1 6387
4133 1 6388
2213 1 6389
1984 1 6390
4369 1 6391
3690 1 6392
777 1 6393
1555 1 6394
4968 1 6395
400 1 6396
3486 1 6397
3298 1 6398
4691 1 6399
661 1 6400
671 1 6401
2002 1 6402
2486 1 6403
4229 1 6404
4748 1 6405
2647 1 6406
3341 1 6407
813 1 6408
672 1 6409
4487 1 6410
2910 1 6411
1042 1 6412
1992 1 6413
4087 1 6414
343 1 6415
257 1 6416
178 1 6417
3987 1 6418
2835 1 6419
72 1 6420
2122 1 6421
193 1 6422
2880 1 6423
4691 1 6424
542 1 6425
4526 1 6426
2332 1 6427
439 1 6428
1378 1 6429
1134 1 6430
4714 1 6431
921 1 6432
3395 1 6433
104 1 6434
4432 1 6435
1726 1 6436
3631 1 6437
1390 1 6438
491 1 6439
1524 1 6440
3251 1 6441
3328 1 6442
4728 1 6443
2591 1 6444
3131 1 6445
1177 1 6446
820 1 6447
860 1 6448
476 1 6449
4023 1 6450
4788 1 6451
592 1 6452
356 1 6453
1999 1 6454
4517 1 6455
649 1 6456
311 1 6457
534 1 6458
4508 1 6459
1978 1 6460
1387 1 6461
2312 1 6462
1190 1 6463
2098 1 6464
4020 1 6465
3322 1 6466
3920 1 6467
1173 1 6468
4960 1 6469
1483 1 6470
78 1 6471
2312 1 6472
2291 1 6473
1254 1 6474
2455 1 6475
2129 1 6476
618 1 6477
921 1 6478
1663 1 6479
1812 1 6480
1323 1 6481
3393 1 6482
4730 1 6483
2773 1 6484
3475 1 6485
2946 1 6486
1855 1 6487
2196 1 6488
4382 1 6489
290 1 6490
217 1 6491
4803 1 6492
857 1 6493
4782 1 6494
3295 1 6495
2576 1 6496
1730 1 6497
4810 1 6498
3388 1 6499
3897 1 6500
1661 1 6501
469 1 6502
2631 1 6503
4410 1 6504
648 1 6505
3641 1 6506
1395 1 6507
392 1 6508
4223 1 6509
30 1 6510
2038 1 6511
3776 1 6512
4192 1 6513
1231 1 6514
3694 1 6515
1464 1 6516
1863 1 6517
1690 1 6518
4286 1 6519
4851 1 6520
3841 1 6521
1820 1 6522
28 1 6523
2304 1 6524
3196 1 6525
2449 1 6526
4085 1 6527
4899 1 6528
1573 1 6529
215 1 6530
2238 1 6531
2826 1 6532
367 1 6533
4931 1 6534
300 1 6535
4536 1 6536
810 1 6537
4794 1 6538
4036 1 6539
1484 1 6540
4913 1 6541
184 1 6542
3587 1 6543
3242 1 6544
4513 1 6545
4563 1 6546
4878 1 6547
3295 1 6548
4752 1 6549
1711 1 6550
1409 1 6551
736 1 6552
354 1 6553
2427 1 6554
1363 1 6555
3987 1 6556
452 1 6557
1850 1 6558
1584 1 6559
1428 1 6560
516 1 6561
4673 1 6562
613 1 6563
2967 1 6564
4535 1 6565
567 1 6566
2934 1 6567
4156 1 6568
4777 1 6569
1903 1 6570
2386 1 6571
677 1 6572
3927 1 6573
399 1 6574
1908 1 6575
3841 1 6576
3847 1 6577
1067 1 6578
4611 1 6579
4587 1 6580
2653 1 6581
4897 1 6582
3314 1 6583
1626 1 6584
4023 1 6585
4190 1 6586
1784 1 6587
2586 1 6588
3194 1 6589
215 1 6590
3136 1 6591
49 1 6592
2089 1 6593
976 1 6594
1464 1 6595
2586 1 6596
523 1 6597
2127 1 6598
2181 1 6599
4292 1 6600
3253 1 6601
2737 1 6602
789 1 6603
2987 1 6604
2387 1 6605
906 1 6606
507 1 6607
332 1 6608
4770 1 6609
2281 1 6610
1541 1 6611
3461 1 6612
3064 1 6613
5000 1 6614
592 1 6615
3081 1 6616
4610 1 6617
4999 1 6618
49 1 6619
1039 1 6620
796 1 6621
1361 1 6622
525 1 6623
787 1 6624
4875 1 6625
1412 1 6626
3369 1 6627
4482 1 6628
2765 1 6629
1613 1 6630
930 1 6631
337 1 6632
4998 1 6633
2440 1 6634
980 1 6635
3542 1 6636
756 1 6637
2947 1 6638
926 1 6639
4493 1 6640
3451 1 6641
4619 1 6642
4900 1 6643
3571 1 6644
4376 1 6645
2053 1 6646
163 1 6647
4941 1 6648
881 1 6649
3333 1 6650
1015 1 6651
2696 1 6652
1443 1 6653
4289 1 6654
2735 1 6655
3290 1 6656
2018 1 6657
965 1 6658
702 1 6659
4999 1 6660
2547 1 6661
247 1 6662
4555 1 6663
3884 1 6664
4660 1 6665
2012 1 6666
297 1 6667
3598 1 6668
4137 1 6669
761 1 6670
4799 1 6671
2650 1 6672
1552 1 6673
947 1 6674
4240 1 6675
2422 1 6676
2533 1 6677
814 1 6678
2714 1 6679
846 1 6680
1694 1 6681
935 1 6682
3747 1 6683
3159 1 6684
4183 1 6685
2037 1 6686
2262 1 6687
3134 1 6688
1470 1 6689
1579 1 6690
2697 1 6691
865 1 6692
2631 1 6693
2599 1 6694
4161 1 6695
3899 1 6696
3215 1 6697
4062 1 6698
2139 1 6699
3595 1 6700
3356 1 6701
2052 1 6702
3852 1 6703
1949 1 6704
3402 1 6705
911 1 6706
265 1 6707
4966 1 6708
895 1 6709
2612 1 6710
4879 1 6711
1988 1 6712
2631 1 6713
4375 1 6714
4243 1 6715
1434 1 6716
4328 1 6717
142 1 6718
2738 1 6719
4063 1 6720
2390 1 6721
1686 1 6722
2777 1 6723
2239 1 6724
3999 1 6725
1812 1 6726
1068 1 6727
3544 1 6728
4175 1 6729
4236 1 6730
3786 1 6731
2557 1 6732
4844 1 6733
1196 1 6734
2367 1 6735
4373 1 6736
2778 1 6737
4832 1 6738
1727 1 6739
2740 1 6740
3894 1 6741
3951 1 6742
3977 1 6743
287 1 6744
4126 1 6745
3500 1 6746
1784 1 6747
3011 1 6748
2942 1 6749
3085 1 6750
1211 1 6751
3613 1 6752
1756 1 6753
3334 1 6754
3301 1 6755
3331 1 6756
1844 1 6757
2517 1 6758
1413 1 6759
2833 1 6760
4284 1 6761
79 1 6762
3046 1 6763
76 1 6764
3216 1 6765
1201 1 6766
2302 1 6767
57 1 6768
2902 1 6769
2279 1 6770
1522 1 6771
822 1 6772
3418 1 6773
1695 1 6774
4928 1 6775
903 1 6776
3370 1 6777
2053 1 6778
3155 1 6779
3288 1 6780
3330 1 6781
1640 1 6782
3041 1 6783
1569 1 6784
1407 1 6785
1715 1 6786
2743 1 6787
3436 1 6788
1775 1 6789
1724 1 6790
4530 1 6791
1823 1 6792
3270 1 6793
4231 1 6794
1247 1 6795
1784 1 6796
2770 1 6797
3922 1 6798
1435 1 6799
3859 1 6800
3223 1 6801
2698 1 6802
3194 1 6803
3213 1 6804
1507 1 6805
340 1 6806
4571 1 6807
2995 1 6808
122 1 6809
3988 1 6810
4794 1 6811
2411 1 6812
2002 1 6813
1912 1 6814
420 1 6815
1665 1 6816
4551 1 6817
4829 1 6818
4213 1 6819
386 1 6820
782 1 6821
2407 1 6822
12 1 6823
1907 1 6824
1549 1 6825
180 1 6826
4453 1 6827
4169 1 6828
1553 1 6829
3801 1 6830
2284 1 6831
442 1 6832
3477 1 6833
4939 1 6834
4864 1 6835
41 1 6836
2537 1 6837
4382 1 6838
484 1 6839
1149 1 6840
1736 1 6841
2040 1 6842
2422 1 6843
1274 1 6844
2463 1 6845
2142 1 6846
4268 1 6847
2478 1 6848
2252 1 6849
2780 1 6850
4929 1 6851
2652 1 6852
4139 1 6853
2656 1 6854
3923 1 6855
3867 1 6856
1721 1 6857
4903 1 6858
3207 1 6859
4391 1 6860
164 1 6861
4013 1 6862
4555 1 6863
4885 1 6864
4513 1 6865
3576 1 6866
3962 1 6867
4435 1 6868
1476 1 6869
2573 1 6870
3810 1 6871
2492 1 6872
194 1 6873
121 1 6874
1056 1 6875
1215 1 6876
513 1 6877
2384 1 6878
3593 1 6879
3592 1 6880
1293 1 6881
3240 1 6882
282 1 6883
1332 1 6884
2052 1 6885
3309 1 6886
2191 1 6887
4024 1 6888
1026 1 6889
3686 1 6890
3239 1 6891
3458 1 6892
4725 1 6893
4270 1 6894
158 1 6895
4934 1 6896
737 1 6897
2075 1 6898
4689 1 6899
2297 1 6900
2404 1 6901
593 1 6902
4420 1 6903
4744 1 6904
4282 1 6905
4198 1 6906
270 1 6907
4088 1 6908
3424 1 6909
1095 1 6910
3307 1 6911
2559 1 6912
396 1 6913
457 1 6914
4127 1 6915
2921 1 6916
186 1 6917
2496 1 6918
3737 1 6919
3539 1 6920
2440 1 6921
466 1 6922
2748 1 6923
1042 1 6924
963 1 6925
1004 1 6926
783 1 6927
4195 1 6928
2422 1 6929
4906 1 6930
2213 1 6931
1612 1 6932
697 1 6933
2058 1 6934
2820 1 6935
3857 1 6936
950 1 6937
897 1 6938
441 1 6939
3559 1 6940
3212 1 6941
4115 1 6942
4954 1 6943
2155 1 6944
648 1 6945
735 1 6946
682 1 6947
475 1 6948
926 1 6949
728 1 6950
2231 1 6951
1970 1 6952
4667 1 6953
3867 1 6954
678 1 6955
3399 1 6956
3813 1 6957
4647 1 6958
1564 1 6959
4358 1 6960
185 1 6961
471 1 6962
246 1 6963
4524 1 6964
3170 1 6965
2800 1 6966
3121 1 6967
727 1 6968
4120 1 6969
2849 1 6970
3442 1 6971
450 1 6972
1645 1 6973
2725 1 6974
3174 1 6975
716 1 6976
2665 1 6977
4010 1 6978
1297 1 6979
1265 1 6980
4166 1 6981
1636 1 6982
1122 1 6983
2911 1 6984
3931 1 6985
4025 1 6986
2805 1 6987
1017 1 6988
1885 1 6989
1302 1 6990
4598 1 6991
4894 1 6992
2280 1 6993
1568 1 6994
4028 1 6995
802 1 6996
1601 1 6997
2419 1 6998
4419 1 6999
458 1 7000
3470 1 7001
797 1 7002
4391 1 7003
403 1 7004
4588 1 7005
3315 1 7006
1007 1 7007
4810 1 7008
1206 1 7009
1618 1 7010
1358 1 7011
2789 1 7012
2492 1 7013
1262 1 7014
4450 1 7015
296 1 7016
4928 1 7017
1733 1 7018
2825 1 7019
4640 1 7020
450 1 7021
1763 1 7022
3702 1 7023
146 1 7024
1260 1 7025
4286 1 7026
615 1 7027
2532 1 7028
2613 1 7029
331 1 7030
4177 1 7031
4066 1 7032
4994 1 7033
3399 1 7034
1009 1 7035
4080 1 7036
4839 1 7037
3966 1 7038
3549 1 7039
4958 1 7040
2489 1 7041
3831 1 7042
440 1 7043
2198 1 7044
2374 1 7045
3924 1 7046
4016 1 7047
1166 1 7048
3530 1 7049
269 1 7050
2650 1 7051
2236 1 7052
1731 1 7053
365 1 7054
4002 1 7055
3604 1 7056
2478 1 7057
4274 1 7058
2671 1 7059
4843 1 7060
2542 1 7061
1368 1 7062
3245 1 7063
3958 1 7064
1138 1 7065
166 1 7066
921 1 7067
499 1 7068
1071 1 7069
599 1 7070
2560 1 7071
2094 1 7072
1081 1 7073
4776 1 7074
822 1 7075
2164 1 7076
838 1 7077
2056 1 7078
2786 1 7079
890 1 7080
194 1 7081
3050 1 7082
2271 1 7083
1381 1 7084
586 1 7085
2100 1 7086
340 1 7087
1507 1 7088
1276 1 7089
1562 1 7090
3628 1 7091
4799 1 7092
2332 1 7093
59 1 7094
4782 1 7095
3896 1 7096
3408 1 7097
2601 1 7098
445 1 7099
1291 1 7100
3244 1 7101
28 1 7102
928 1 7103
4259 1 7104
462 1 7105
2671 1 7106
354 1 7107
4758 1 7108
42 1 7109
312 1 7110
2737 1 7111
2 1 7112
2390 1 7113
3308 1 7114
330 1 7115
1235 1 7116
4790 1 7117
3640 1 7118
3226 1 7119
4518 1 7120
559 1 7121
3480 1 7122
4702 1 7123
1601 1 7124
3207 1 7125
34 1 7126
1708 1 7127
2703 1 7128
3026 1 7129
2130 1 7130
2327 1 7131
3215 1 7132
4382 1 7133
1270 1 7134
3100 1 7135
3973 1 7136
4928 1 7137
699 1 7138
4754 1 7139
454 1 7140
819 1 7141
262 1 7142
2701 1 7143
4024 1 7144
2335 1 7145
515 1 7146
866 1 7147
2742 1 7148
4910 1 7149
3416 1 7150
2230 1 7151
2983 1 7152
4463 1 7153
410 1 7154
742 1 7155
2471 1 7156
1967 1 7157
3830 1 7158
1038 1 7159
4355 1 7160
2178 1 7161
2208 1 7162
2893 1 7163
417 1 7164
1525 1 7165
3310 1 7166
1574 1 7167
3052 1 7168
4462 1 7169
1972 1 7170
2760 1 7171
619 1 7172
4578 1 7173
3713 1 7174
1494 1 7175
4730 1 7176
2661 1 7177
336 1 7178
2127 1 7179
4806 1 7180
2028 1 7181
2510 1 7182
1390 1 7183
2373 1 7184
4301 1 7185
1954 1 7186
2658 1 7187
4778 1 7188
3684 1 7189
407 1 7190
790 1 7191
2524 1 7192
103 1 7193
555 1 7194
184 1 7195
1919 1 7196
3178 1 7197
4786 1 7198
2317 1 7199
3760 1 7200
1922 1 7201
3106 1 7202
3979 1 7203
4645 1 7204
341 1 7205
1288 1 7206
221 1 7207
129 1 7208
2392 1 7209
4289 1 7210
2801 1 7211
579 1 7212
863 1 7213
3521 1 7214
3572 1 7215
1495 1 7216
1159 1 7217
4974 1 7218
4059 1 7219
1242 1 7220
4846 1 7221
1709 1 7222
2155 1 7223
234 1 7224
1080 1 7225
322 1 7226
1273 1 7227
91 1 7228
131 1 7229
3795 1 7230
993 1 7231
4177 1 7232
2635 1 7233
3093 1 7234
3090 1 7235
3803 1 7236
710 1 7237
2933 1 7238
2160 1 7239
4254 1 7240
3832 1 7241
2823 1 7242
1472 1 7243
3229 1 7244
3414 1 7245
2945 1 7246
862 1 7247
1359 1 7248
758 1 7249
2616 1 7250
465 1 7251
1768 1 7252
789 1 7253
728 1 7254
1404 1 7255
4837 1 7256
3623 1 7257
311 1 7258
2518 1 7259
4379 1 7260
1689 1 7261
954 1 7262
1498 1 7263
552 1 7264
1169 1 7265
1229 1 7266
807 1 7267
3479 1 7268
651 1 7269
2030 1 7270
4656 1 7271
2775 1 7272
2053 1 7273
2266 1 7274
1923 1 7275
2076 1 7276
3595 1 7277
2998 1 7278
1758 1 7279
3763 1 7280
4291 1 7281
4622 1 7282
2412 1 7283
690 1 7284
3953 1 7285
2248 1 7286
3555 1 7287
1445 1 7288
234 1 7289
4641 1 7290
1368 1 7291
3545 1 7292
828 1 7293
2581 1 7294
3928 1 7295
2811 1 7296
1628 1 7297
1362 1 7298
4288 1 7299
4080 1 7300
213 1 7301
1309 1 7302
901 1 7303
4725 1 7304
4487 1 7305
2354 1 7306
3540 1 7307
680 1 7308
1677 1 7309
3472 1 7310
4426 1 7311
3797 1 7312
1132 1 7313
2321 1 7314
4260 1 7315
4705 1 7316
1874 1 7317
4421 1 7318
3047 1 7319
1666 1 7320
2819 1 7321
2023 1 7322
2160 1 7323
475 1 7324
2700 1 7325
501 1 7326
1235 1 7327
4899 1 7328
211 1 7329
372 1 7330
1887 1 7331
14 1 7332
637 1 7333
2368 1 7334
2096 1 7335
2833 1 7336
686 1 7337
4000 1 7338
4434 1 7339
537 1 7340
2707 1 7341
3286 1 7342
3324 1 7343
4004 1 7344
3306 1 7345
426 1 7346
4065 1 7347
3869 1 7348
3263 1 7349
4511 1 7350
4848 1 7351
4371 1 7352
4984 1 7353
2187 1 7354
4660 1 7355
4835 1 7356
1697 1 7357
3619 1 7358
4763 1 7359
120 1 7360
4032 1 7361
803 1 7362
995 1 7363
464 1 7364
825 1 7365
905 1 7366
3567 1 7367
369 1 7368
4746 1 7369
4522 1 7370
4573 1 7371
4287 1 7372
1239 1 7373
1666 1 7374
2058 1 7375
3079 1 7376
3077 1 7377
2135 1 7378
3323 1 7379
223 1 7380
3994 1 7381
4806 1 7382
541 1 7383
1570 1 7384
451 1 7385
2188 1 7386
1093 1 7387
2191 1 7388
1452 1 7389
2605 1 7390
80 1 7391
1370 1 7392
298 1 7393
3791 1 7394
2651 1 7395
3784 1 7396
4955 1 7397
431 1 7398
827 1 7399
399 1 7400
2635 1 7401
153 1 7402
781 1 7403
2418 1 7404
928 1 7405
4411 1 7406
3798 1 7407
3944 1 7408
4030 1 7409
562 1 7410
2250 1 7411
4197 1 7412
1002 1 7413
2946 1 7414
776 1 7415
3094 1 7416
1826 1 7417
4305 1 7418
1300 1 7419
593 1 7420
2011 1 7421
84 1 7422
2930 1 7423
1753 1 7424
4857 1 7425
1440 1 7426
1697 1 7427
3797 1 7428
1921 1 7429
745 1 7430
4084 1 7431
4945 1 7432
1929 1 7433
4085 1 7434
4866 1 7435
3866 1 7436
4837 1 7437
1985 1 7438
894 1 7439
4630 1 7440
283 1 7441
2185 1 7442
3863 1 7443
3088 1 7444
2447 1 7445
3907 1 7446
1888 1 7447
1543 1 7448
231 1 7449
3988 1 7450
2607 1 7451
1319 1 7452
1743 1 7453
201 1 7454
4121 1 7455
2757 1 7456
1525 1 7457
3918 1 7458
2187 1 7459
2031 1 7460
3077 1 7461
1249 1 7462
787 1 7463
2336 1 7464
1684 1 7465
478 1 7466
2548 1 7467
983 1 7468
2728 1 7469
1716 1 7470
3252 1 7471
1192 1 7472
3525 1 7473
3566 1 7474
1800 1 7475
1945 1 7476
4489 1 7477
3457 1 7478
669 1 7479
1949 1 7480
2600 1 7481
3964 1 7482
2679 1 7483
3283 1 7484
4784 1 7485
306 1 7486
2501 1 7487
2326 1 7488
4253 1 7489
4289 1 7490
371 1 7491
2678 1 7492
2629 1 7493
2237 1 7494
4854 1 7495
3117 1 7496
292 1 7497
621 1 7498
3338 1 7499
3929 1 7500
3248 1 7501
355 1 7502
1062 1 7503
232 1 7504
3429 1 7505
3703 1 7506
1454 1 7507
1750 1 7508
1424 1 7509
4860 1 7510
1238 1 7511
656 1 7512
4671 1 7513
545 1 7514
2917 1 7515
2843 1 7516
3350 1 7517
4416 1 7518
790 1 7519
469 1 7520
2019 1 7521
3297 1 7522
1344 1 7523
4281 1 7524
1450 1 7525
2023 1 7526
1942 1 7527
2286 1 7528
2801 1 7529
440 1 7530
1910 1 7531
2648 1 7532
3396 1 7533
3576 1 7534
4270 1 7535
3965 1 7536
2937 1 7537
4950 1 7538
4409 1 7539
1944 1 7540
1108 1 7541
2061 1 7542
1565 1 7543
2008 1 7544
2883 1 7545
4258 1 7546
615 1 7547
3345 1 7548
713 1 7549
1148 1 7550
4900 1 7551
3928 1 7552
4782 1 7553
3526 1 7554
3497 1 7555
4426 1 7556
4925 1 7557
2533 1 7558
3787 1 7559
1261 1 7560
3875 1 7561
4088 1 7562
1479 1 7563
1948 1 7564
2454 1 7565
1354 1 7566
2306 1 7567
718 1 7568
714 1 7569
369 1 7570
1577 1 7571
3735 1 7572
3477 1 7573
4090 1 7574
97 1 7575
1141 1 7576
2099 1 7577
2881 1 7578
4678 1 7579
4659 1 7580
3386 1 7581
2556 1 7582
1271 1 7583
1144 1 7584
3622 1 7585
4592 1 7586
4632 1 7587
1552 1 7588
4044 1 7589
3337 1 7590
2269 1 7591
1344 1 7592
4314 1 7593
4581 1 7594
29 1 7595
3333 1 7596
2277 1 7597
457 1 7598
3444 1 7599
3389 1 7600
3304 1 7601
4633 1 7602
2406 1 7603
3036 1 7604
307 1 7605
4068 1 7606
1713 1 7607
1767 1 7608
2777 1 7609
589 1 7610
467 1 7611
3667 1 7612
719 1 7613
3425 1 7614
1591 1 7615
701 1 7616
763 1 7617
2567 1 7618
2491 1 7619
3443 1 7620
3113 1 7621
2914 1 7622
2133 1 7623
2456 1 7624
3366 1 7625
2647 1 7626
3728 1 7627
2395 1 7628
3912 1 7629
2517 1 7630
3298 1 7631
3560 1 7632
1116 1 7633
599 1 7634
3264 1 7635
1333 1 7636
2638 1 7637
4819 1 7638
39 1 7639
4349 1 7640
4499 1 7641
1677 1 7642
2940 1 7643
4071 1 7644
745 1 7645
1068 1 7646
388 1 7647
4647 1 7648
3908 1 7649
2883 1 7650
2636 1 7651
250 1 7652
314 1 7653
247 1 7654
1801 1 7655
4958 1 7656
3311 1 7657
463 1 7658
280 1 7659
3198 1 7660
1145 1 7661
854 1 7662
4190 1 7663
2961 1 7664
292 1 7665
4913 1 7666
143 1 7667
3891 1 7668
118 1 7669
3823 1 7670
3674 1 7671
1873 1 7672
4763 1 7673
1187 1 7674
3283 1 7675
3097 1 7676
4216 1 7677
3243 1 7678
3686 1 7679
206 1 7680
2995 1 7681
691 1 7682
3978 1 7683
4735 1 7684
2176 1 7685
2578 1 7686
154 1 7687
4200 1 7688
453 1 7689
4563 1 7690
869 1 7691
2294 1 7692
2391 1 7693
4075 1 7694
4742 1 7695
3383 1 7696
1945 1 7697
945 1 7698
3691 1 7699
4286 1 7700
1699 1 7701
992 1 7702
2970 1 7703
2890 1 7704
1167 1 7705
1470 1 7706
2430 1 7707
3999 1 7708
1260 1 7709
815 1 7710
2805 1 7711
4858 1 7712
3887 1 7713
2825 1 7714
2580 1 7715
4081 1 7716
4804 1 7717
2673 1 7718
3704 1 7719
743 1 7720
4560 1 7721
3100 1 7722
2846 1 7723
547 1 7724
3001 1 7725
4670 1 7726
3267 1 7727
3409 1 7728
3364 1 7729
3045 1 7730
2732 1 7731
1655 1 7732
4828 1 7733
3614 1 7734
3806 1 7735
4712 1 7736
2625 1 7737
101 1 7738
1086 1 7739
219 1 7740
3549 1 7741
521 1 7742
4641 1 7743
1540 1 7744
4568 1 7745
3164 1 7746
4788 1 7747
672 1 7748
1724 1 7749
1870 1 7750
3892 1 7751
700 1 7752
4032 1 7753
3874 1 7754
837 1 7755
2285 1 7756
4617 1 7757
4494 1 7758
4942 1 7759
3065 1 7760
3579 1 7761
2975 1 7762
3867 1 7763
3324 1 7764
3443 1 7765
4553 1 7766
2080 1 7767
379 1 7768
2895 1 7769
2402 1 7770
2836 1 7771
4747 1 7772
932 1 7773
4111 1 7774
3842 1 7775
90 1 7776
4093 1 7777
3516 1 7778
2768 1 7779
4043 1 7780
3770 1 7781
2719 1 7782
2260 1 7783
2973 1 7784
2389 1 7785
3357 1 7786
2297 1 7787
3604 1 7788
974 1 7789
1331 1 7790
205 1 7791
3238 1 7792
3775 1 7793
3109 1 7794
814 1 7795
3838 1 7796
4727 1 7797
2593 1 7798
3583 1 7799
4283 1 7800
611 1 7801
3804 1 7802
4974 1 7803
4305 1 7804
367 1 7805
4650 1 7806
1336 1 7807
3685 1 7808
1528 1 7809
857 1 7810
4266 1 7811
3548 1 7812
1108 1 7813
4334 1 7814
4353 1 7815
4084 1 7816
3439 1 7817
1342 1 7818
3722 1 7819
4352 1 7820
95 1 7821
1413 1 7822
4226 1 7823
4535 1 7824
2441 1 7825
4209 1 7826
1318 1 7827
3117 1 7828
4008 1 7829
3318 1 7830
3195 1 7831
1704 1 7832
4539 1 7833
355 1 7834
3117 1 7835
4123 1 7836
3631 1 7837
2811 1 7838
2043 1 7839
4573 1 7840
3776 1 7841
4443 1 7842
569 1 7843
1938 1 7844
4356 1 7845
186 1 7846
4083 1 7847
1199 1 7848
1391 1 7849
1051 1 7850
4608 1 7851
1313 1 7852
3742 1 7853
1260 1 7854
3403 1 7855
1966 1 7856
3487 1 7857
4825 1 7858
1747 1 7859
346 1 7860
1238 1 7861
3672 1 7862
2867 1 7863
2946 1 7864
2793 1 7865
2286 1 7866
4314 1 7867
1139 1 7868
1812 1 7869
2224 1 7870
4619 1 7871
3506 1 7872
4525 1 7873
4946 1 7874
2764 1 7875
3829 1 7876
240 1 7877
874 1 7878
2235 1 7879
79 1 7880
3603 1 7881
2293 1 7882
1355 1 7883
2879 1 7884
2042 1 7885
1527 1 7886
2138 1 7887
954 1 7888
2610 1 7889
3679 1 7890
4149 1 7891
4851 1 7892
609 1 7893
943 1 7894
3409 1 7895
3152 1 7896
1771 1 7897
2903 1 7898
3955 1 7899
3263 1 7900
1374 1 7901
3602 1 7902
2824 1 7903
68 1 7904
3447 1 7905
206 1 7906
509 1 7907
1724 1 7908
417 1 7909
24 1 7910
2839 1 7911
813 1 7912
3012 1 7913
1708 1 7914
3243 1 7915
1170 1 7916
4434 1 7917
1024 1 7918
2429 1 7919
4186 1 7920
2178 1 7921
3529 1 7922
164 1 7923
913 1 7924
2593 1 7925
283 1 7926
4756 1 7927
76 1 7928
2099 1 7929
1349 1 7930
4841 1 7931
4201 1 7932
2845 1 7933
4305 1 7934
4578 1 7935
1419 1 7936
3373 1 7937
4639 1 7938
3554 1 7939
689 1 7940
4584 1 7941
986 1 7942
3328 1 7943
327 1 7944
1386 1 7945
4176 1 7946
1631 1 7947
3042 1 7948
2256 1 7949
4622 1 7950
254 1 7951
744 1 7952
2720 1 7953
3672 1 7954
4568 1 7955
12 1 7956
3542 1 7957
860 1 7958
2467 1 7959
2285 1 7960
3656 1 7961
2959 1 7962
2733 1 7963
1487 1 7964
538 1 7965
2718 1 7966
905 1 7967
743 1 7968
713 1 7969
4717 1 7970
781 1 7971
195 1 7972
1979 1 7973
4082 1 7974
3990 1 7975
463 1 7976
4893 1 7977
3858 1 7978
3889 1 7979
1671 1 7980
1867 1 7981
1169 1 7982
3139 1 7983
1722 1 7984
1322 1 7985
3021 1 7986
3913 1 7987
365 1 7988
4368 1 7989
3251 1 7990
4912 1 7991
2603 1 7992
1393 1 7993
839 1 7994
693 1 7995
1995 1 7996
4467 1 7997
4159 1 7998
1749 1 7999
41 1 8000
2762 1 8001
4328 1 8002
3221 1 8003
266 1 8004
4636 1 8005
1814 1 8006
2585 1 8007
4379 1 8008
2341 1 8009
3728 1 8010
1368 1 8011
4457 1 8012
3290 1 8013
4529 1 8014
2062 1 8015
3282 1 8016
4473 1 8017
3390 1 8018
351 1 8019
3626 1 8020
663 1 8021
4918 1 8022
570 1 8023
4558 1 8024
3320 1 8025
4444 1 8026
2066 1 8027
227 1 8028
3473 1 8029
4325 1 8030
2206 1 8031
1415 1 8032
3112 1 8033
384 1 8034
3225 1 8035
1709 1 8036
1585 1 8037
568 1 8038
2474 1 8039
3684 1 8040
1818 1 8041
523 1 8042
2820 1 8043
2168 1 8044
2823 1 8045
2973 1 8046
4717 1 8047
4575 1 8048
3086 1 8049
1101 1 8050
2570 1 8051
3084 1 8052
1931 1 8053
3526 1 8054
4265 1 8055
3390 1 8056
2275 1 8057
2101 1 8058
3469 1 8059
2217 1 8060
3732 1 8061
737 1 8062
3884 1 8063
1754 1 8064
3979 1 8065
3317 1 8066
859 1 8067
4830 1 8068
4139 1 8069
3135 1 8070
3159 1 8071
1203 1 8072
172 1 8073
1171 1 8074
3981 1 8075
2660 1 8076
1809 1 8077
1023 1 8078
250 1 8079
1872 1 8080
3183 1 8081
4200 1 8082
4867 1 8083
1427 1 8084
3596 1 8085
3659 1 8086
284 1 8087
3715 1 8088
2012 1 8089
2836 1 8090
1820 1 8091
3827 1 8092
2980 1 8093
2945 1 8094
2623 1 8095
2402 1 8096
530 1 8097
4727 1 8098
2666 1 8099
1828 1 8100
371 1 8101
266 1 8102
3817 1 8103
3766 1 8104
843 1 8105
3408 1 8106
1107 1 8107
3133 1 8108
1527 1 8109
3446 1 8110
1163 1 8111
1743 1 8112
3053 1 8113
3633 1 8114
3384 1 8115
1928 1 8116
3801 1 8117
805 1 8118
1581 1 8119
1229 1 8120
1689 1 8121
2008 1 8122
1128 1 8123
2859 1 8124
3745 1 8125
590 1 8126
2023 1 8127
191 1 8128
1159 1 8129
1910 1 8130
1981 1 8131
1319 1 8132
4703 1 8133
219 1 8134
2360 1 8135
670 1 8136
2679 1 8137
4931 1 8138
4094 1 8139
2355 1 8140
2659 1 8141
3994 1 8142
2658 1 8143
3595 1 8144
2760 1 8145
1150 1 8146
570 1 8147
2153 1 8148
1372 1 8149
2932 1 8150
323 1 8151
3572 1 8152
3556 1 8153
2864 1 8154
2354 1 8155
3735 1 8156
812 1 8157
4825 1 8158
4660 1 8159
1161 1 8160
1569 1 8161
3090 1 8162
3382 1 8163
4902 1 8164
2673 1 8165
1264 1 8166
1405 1 8167
2532 1 8168
3184 1 8169
2634 1 8170
1221 1 8171
4278 1 8172
3820 1 8173
2771 1 8174
2909 1 8175
3235 1 8176
609 1 8177
73 1 8178
1009 1 8179
1615 1 8180
4500 1 8181
2056 1 8182
3998 1 8183
847 1 8184
27 1 8185
1358 1 8186
3424 1 8187
1641 1 8188
2707 1 8189
1240 1 8190
1710 1 8191
2000 1 8192
40 1 8193
3163 1 8194
1907 1 8195
2667 1 8196
3359 1 8197
1915 1 8198
702 1 8199
2870 1 8200
3662 1 8201
430 1 8202
1594 1 8203
3502 1 8204
3865 1 8205
4145 1 8206
4030 1 8207
2569 1 8208
3846 1 8209
4968 1 8210
221 1 8211
3483 1 8212
1537 1 8213
1881 1 8214
1765 1 8215
952 1 8216
3672 1 8217
2169 1 8218
876 1 8219
4871 1 8220
4695 1 8221
2644 1 8222
3629 1 8223
1469 1 8224
2860 1 8225
1209 1 8226
3318 1 8227
2973 1 8228
2915 1 8229
4090 1 8230
3652 1 8231
198 1 8232
2337 1 8233
4295 1 8234
1236 1 8235
4419 1 8236
2172 1 8237
1179 1 8238
1675 1 8239
1564 1 8240
2328 1 8241
1852 1 8242
3046 1 8243
1139 1 8244
4683 1 8245
4903 1 8246
1498 1 8247
3718 1 8248
2505 1 8249
4057 1 8250
1884 1 8251
3867 1 8252
2032 1 8253
4014 1 8254
3545 1 8255
3862 1 8256
2436 1 8257
2068 1 8258
4678 1 8259
396 1 8260
3907 1 8261
4447 1 8262
4471 1 8263
2306 1 8264
1681 1 8265
2781 1 8266
4323 1 8267
485 1 8268
140 1 8269
3379 1 8270
1822 1 8271
4947 1 8272
4736 1 8273
1398 1 8274
4740 1 8275
696 1 8276
1066 1 8277
1162 1 8278
1828 1 8279
2745 1 8280
264 1 8281
2509 1 8282
2793 1 8283
4923 1 8284
1998 1 8285
2428 1 8286
1994 1 8287
716 1 8288
962 1 8289
3035 1 8290
962 1 8291
4976 1 8292
328 1 8293
3881 1 8294
2391 1 8295
1331 1 8296
2854 1 8297
1408 1 8298
4951 1 8299
1732 1 8300
2016 1 8301
1808 1 8302
4549 1 8303
1208 1 8304
220 1 8305
4812 1 8306
2335 1 8307
1754 1 8308
4518 1 8309
2890 1 8310
4722 1 8311
1433 1 8312
3995 1 8313
1847 1 8314
892 1 8315
1753 1 8316
3241 1 8317
2023 1 8318
192 1 8319
1151 1 8320
429 1 8321
1104 1 8322
220 1 8323
544 1 8324
579 1 8325
199 1 8326
3029 1 8327
3978 1 8328
4264 1 8329
2609 1 8330
3360 1 8331
4033 1 8332
4778 1 8333
2242 1 8334
3114 1 8335
657 1 8336
301 1 8337
2696 1 8338
3855 1 8339
4506 1 8340
2063 1 8341
3519 1 8342
1310 1 8343
4134 1 8344
4340 1 8345
2870 1 8346
1979 1 8347
715 1 8348
4978 1 8349
960 1 8350
1251 1 8351
3031 1 8352
469 1 8353
4810 1 8354
4394 1 8355
4150 1 8356
4642 1 8357
2523 1 8358
3399 1 8359
1461 1 8360
1151 1 8361
142 1 8362
3118 1 8363
802 1 8364
697 1 8365
1497 1 8366
4771 1 8367
2392 1 8368
4563 1 8369
2848 1 8370
2773 1 8371
86 1 8372
1109 1 8373
3849 1 8374
2703 1 8375
3544 1 8376
3914 1 8377
4977 1 8378
127 1 8379
1027 1 8380
3767 1 8381
157 1 8382
1539 1 8383
1028 1 8384
1897 1 8385
1185 1 8386
2718 1 8387
705 1 8388
3567 1 8389
1763 1 8390
1646 1 8391
3510 1 8392
3179 1 8393
2800 1 8394
1256 1 8395
4568 1 8396
4660 1 8397
3565 1 8398
2010 1 8399
1540 1 8400
1735 1 8401
590 1 8402
4783 1 8403
519 1 8404
4040 1 8405
4425 1 8406
3245 1 8407
495 1 8408
4492 1 8409
3658 1 8410
3481 1 8411
239 1 8412
2425 1 8413
3231 1 8414
2872 1 8415
3446 1 8416
3195 1 8417
725 1 8418
3335 1 8419
2401 1 8420
4864 1 8421
3409 1 8422
2482 1 8423
3571 1 8424
3220 1 8425
4927 1 8426
2624 1 8427
2059 1 8428
3109 1 8429
2821 1 8430
4581 1 8431
4196 1 8432
2151 1 8433
2648 1 8434
4846 1 8435
421 1 8436
4864 1 8437
3437 1 8438
2159 1 8439
2427 1 8440
2700 1 8441
1136 1 8442
3751 1 8443
1625 1 8444
1952 1 8445
2119 1 8446
618 1 8447
1502 1 8448
2154 1 8449
4886 1 8450
3732 1 8451
4197 1 8452
1190 1 8453
2883 1 8454
1636 1 8455
4045 1 8456
4818 1 8457
4579 1 8458
693 1 8459
1691 1 8460
251 1 8461
3819 1 8462
2229 1 8463
2122 1 8464
1396 1 8465
4520 1 8466
3010 1 8467
1673 1 8468
1237 1 8469
614 1 8470
39 1 8471
4275 1 8472
3792 1 8473
482 1 8474
2 1 8475
4935 1 8476
2884 1 8477
403 1 8478
2233 1 8479
3858 1 8480
1286 1 8481
2524 1 8482
3175 1 8483
2959 1 8484
1426 1 8485
2779 1 8486
4266 1 8487
1613 1 8488
4213 1 8489
4429 1 8490
4743 1 8491
848 1 8492
1461 1 8493
4358 1 8494
2659 1 8495
2525 1 8496
4799 1 8497
4084 1 8498
3339 1 8499
3225 1 8500
1238 1 8501
4172 1 8502
4140 1 8503
985 1 8504
1546 1 8505
3010 1 8506
683 1 8507
4851 1 8508
437 1 8509
4468 1 8510
917 1 8511
1571 1 8512
3655 1 8513
2671 1 8514
2054 1 8515
2798 1 8516
3946 1 8517
96 1 8518
4413 1 8519
713 1 8520
3469 1 8521
3331 1 8522
1222 1 8523
786 1 8524
4509 1 8525
3254 1 8526
3725 1 8527
3164 1 8528
3502 1 8529
4357 1 8530
4337 1 8531
4438 1 8532
2725 1 8533
4951 1 8534
1750 1 8535
828 1 8536
4624 1 8537
4015 1 8538
280 1 8539
1603 1 8540
4396 1 8541
347 1 8542
1310 1 8543
1137 1 8544
2620 1 8545
3007 1 8546
1075 1 8547
826 1 8548
536 1 8549
1465 1 8550
3133 1 8551
98 1 8552
2642 1 8553
2342 1 8554
4850 1 8555
265 1 8556
1602 1 8557
2587 1 8558
3573 1 8559
2681 1 8560
4490 1 8561
4412 1 8562
1116 1 8563
816 1 8564
4665 1 8565
3135 1 8566
4684 1 8567
1572 1 8568
1180 1 8569
713 1 8570
3906 1 8571
4577 1 8572
199 1 8573
1902 1 8574
3548 1 8575
4996 1 8576
79 1 8577
4116 1 8578
877 1 8579
1034 1 8580
1546 1 8581
2696 1 8582
4187 1 8583
3865 1 8584
1156 1 8585
350 1 8586
2122 1 8587
3301 1 8588
4251 1 8589
484 1 8590
3625 1 8591
562 1 8592
4924 1 8593
2415 1 8594
820 1 8595
3968 1 8596
282 1 8597
604 1 8598
3480 1 8599
2985 1 8600
2644 1 8601
1487 1 8602
1658 1 8603
491 1 8604
4231 1 8605
2390 1 8606
438 1 8607
3204 1 8608
1495 1 8609
1054 1 8610
3251 1 8611
3688 1 8612
3610 1 8613
4779 1 8614
3365 1 8615
3692 1 8616
1588 1 8617
2123 1 8618
2432 1 8619
4806 1 8620
738 1 8621
4715 1 8622
2243 1 8623
3553 1 8624
4450 1 8625
2464 1 8626
2633 1 8627
2092 1 8628
160 1 8629
4142 1 8630
1457 1 8631
979 1 8632
786 1 8633
1795 1 8634
4006 1 8635
915 1 8636
1796 1 8637
4140 1 8638
2494 1 8639
33 1 8640
2116 1 8641
3973 1 8642
2111 1 8643
3643 1 8644
3982 1 8645
3580 1 8646
1220 1 8647
2581 1 8648
896 1 8649
1630 1 8650
227 1 8651
3492 1 8652
14 1 8653
2495 1 8654
3929 1 8655
485 1 8656
2773 1 8657
4133 1 8658
3339 1 8659
2069 1 8660
115 1 8661
1725 1 8662
1902 1 8663
4442 1 8664
3916 1 8665
4516 1 8666
4407 1 8667
4911 1 8668
1318 1 8669
1206 1 8670
883 1 8671
515 1 8672
238 1 8673
2265 1 8674
2279 1 8675
3955 1 8676
4055 1 8677
1809 1 8678
896 1 8679
4650 1 8680
313 1 8681
1989 1 8682
3259 1 8683
3327 1 8684
2694 1 8685
3280 1 8686
1781 1 8687
3829 1 8688
2789 1 8689
1472 1 8690
3139 1 8691
3619 1 8692
99 1 8693
2473 1 8694
905 1 8695
4910 1 8696
4356 1 8697
3401 1 8698
2534 1 8699
2633 1 8700
2213 1 8701
1061 1 8702
1661 1 8703
2283 1 8704
316 1 8705
970 1 8706
581 1 8707
2439 1 8708
4246 1 8709
988 1 8710
1273 1 8711
2524 1 8712
2239 1 8713
3257 1 8714
2352 1 8715
2767 1 8716
100 1 8717
1806 1 8718
3421 1 8719
323 1 8720
4243 1 8721
3079 1 8722
3223 1 8723
3143 1 8724
4368 1 8725
1578 1 8726
1849 1 8727
1926 1 8728
3569 1 8729
2084 1 8730
4433 1 8731
1216 1 8732
1370 1 8733
90 1 8734
4692 1 8735
4711 1 8736
2720 1 8737
1152 1 8738
1816 1 8739
3097 1 8740
2785 1 8741
4100 1 8742
4392 1 8743
2140 1 8744
3618 1 8745
2762 1 8746
714 1 8747
4196 1 8748
4007 1 8749
609 1 8750
3347 1 8751
3214 1 8752
493 1 8753
28 1 8754
1752 1 8755
31 1 8756
546 1 8757
1352 1 8758
4598 1 8759
540 1 8760
1770 1 8761
1724 1 8762
514 1 8763
3371 1 8764
3835 1 8765
275 1 8766
3112 1 8767
2640 1 8768
1033 1 8769
2667 1 8770
2535 1 8771
2960 1 8772
338 1 8773
3776 1 8774
4395 1 8775
2688 1 8776
2338 1 8777
3720 1 8778
313 1 8779
2230 1 8780
990 1 8781
2136 1 8782
1021 1 8783
3549 1 8784
4740 1 8785
669 1 8786
1422 1 8787
804 1 8788
2873 1 8789
2235 1 8790
1599 1 8791
3703 1 8792
2953 1 8793
944 1 8794
559 1 8795
3140 1 8796
1625 1 8797
385 1 8798
113 1 8799
4702 1 8800
719 1 8801
4915 1 8802
1748 1 8803
2708 1 8804
2295 1 8805
4002 1 8806
2547 1 8807
2242 1 8808
1399 1 8809
2052 1 8810
2564 1 8811
1909 1 8812
3099 1 8813
845 1 8814
2381 1 8815
4186 1 8816
4913 1 8817
3019 1 8818
1505 1 8819
4710 1 8820
1413 1 8821
459 1 8822
1814 1 8823
1655 1 8824
4204 1 8825
4850 1 8826
4545 1 8827
2193 1 8828
76 1 8829
628 1 8830
439 1 8831
3665 1 8832
3858 1 8833
4504 1 8834
2405 1 8835
396 1 8836
2449 1 8837
1952 1 8838
2496 1 8839
4176 1 8840
2185 1 8841
1884 1 8842
4013 1 8843
2969 1 8844
1669 1 8845
855 1 8846
265 1 8847
4452 1 8848
4354 1 8849
1447 1 8850
561 1 8851
4510 1 8852
2606 1 8853
1361 1 8854
586 1 8855
1068 1 8856
3301 1 8857
4409 1 8858
225 1 8859
4636 1 8860
1924 1 8861
1381 1 8862
2274 1 8863
3689 1 8864
3361 1 8865
1674 1 8866
4260 1 8867
3834 1 8868
4889 1 8869
2124 1 8870
2875 1 8871
4563 1 8872
2992 1 8873
3585 1 8874
1899 1 8875
1410 1 8876
1779 1 8877
3862 1 8878
483 1 8879
3346 1 8880
1144 1 8881
3527 1 8882
2278 1 8883
4914 1 8884
1307 1 8885
2027 1 8886
4123 1 8887
670 1 8888
1690 1 8889
4517 1 8890
1109 1 8891
4659 1 8892
1225 1 8893
1530 1 8894
2690 1 8895
1606 1 8896
2294 1 8897
3064 1 8898
368 1 8899
669 1 8900
1861 1 8901
1013 1 8902
1090 1 8903
2508 1 8904
1460 1 8905
219 1 8906
3486 1 8907
1728 1 8908
2679 1 8909
3690 1 8910
105 1 8911
294 1 8912
2323 1 8913
781 1 8914
3840 1 8915
1723 1 8916
4582 1 8917
3818 1 8918
4104 1 8919
2261 1 8920
717 1 8921
4085 1 8922
814 1 8923
2840 1 8924
4716 1 8925
2588 1 8926
599 1 8927
3905 1 8928
2680 1 8929
4668 1 8930
872 1 8931
1845 1 8932
4175 1 8933
162 1 8934
2246 1 8935
369 1 8936
3517 1 8937
1250 1 8938
1198 1 8939
3363 1 8940
4824 1 8941
4730 1 8942
4333 1 8943
2374 1 8944
2132 1 8945
799 1 8946
1903 1 8947
3401 1 8948
2398 1 8949
1630 1 8950
3227 1 8951
4585 1 8952
828 1 8953
3947 1 8954
4549 1 8955
3641 1 8956
4011 1 8957
668 1 8958
2065 1 8959
856 1 8960
1727 1 8961
789 1 8962
2486 1 8963
2345 1 8964
1773 1 8965
4901 1 8966
4847 1 8967
4779 1 8968
283 1 8969
4407 1 8970
635 1 8971
1171 1 8972
1381 1 8973
4744 1 8974
2213 1 8975
372 1 8976
4737 1 8977
2575 1 8978
3683 1 8979
1013 1 8980
2099 1 8981
4783 1 8982
4819 1 8983
3138 1 8984
4017 1 8985
3422 1 8986
4944 1 8987
3344 1 8988
4367 1 8989
1576 1 8990
2328 1 8991
3220 1 8992
355 1 8993
3339 1 8994
3776 1 8995
1699 1 8996
4529 1 8997
1980 1 8998
4854 1 8999
523 1 9000
2942 1 9001
3976 1 9002
3533 1 9003
2944 1 9004
2016 1 9005
3443 1 9006
1771 1 9007
2071 1 9008
2483 1 9009
4163 1 9010
1429 1 9011
1549 1 9012
4621 1 9013
4413 1 9014
1904 1 9015
1871 1 9016
4106 1 9017
813 1 9018
1792 1 9019
395 1 9020
2568 1 9021
1153 1 9022
2172 1 9023
3813 1 9024
3483 1 9025
294 1 9026
4760 1 9027
2554 1 9028
3233 1 9029
4393 1 9030
3945 1 9031
3439 1 9032
3966 1 9033
502 1 9034
3587 1 9035
4890 1 9036
3184 1 9037
2979 1 9038
573 1 9039
3038 1 9040
2923 1 9041
3981 1 9042
1347 1 9043
2466 1 9044
4116 1 9045
424 1 9046
2217 1 9047
834 1 9048
2705 1 9049
1866 1 9050
2614 1 9051
4668 1 9052
4342 1 9053
344 1 9054
1853 1 9055
4611 1 9056
1785 1 9057
2518 1 9058
3149 1 9059
646 1 9060
670 1 9061
2530 1 9062
2089 1 9063
4705 1 9064
2419 1 9065
1937 1 9066
2295 1 9067
97 1 9068
300 1 9069
4512 1 9070
4509 1 9071
603 1 9072
3439 1 9073
4251 1 9074
2950 1 9075
4333 1 9076
3896 1 9077
3744 1 9078
4152 1 9079
586 1 9080
3004 1 9081
4292 1 9082
4936 1 9083
521 1 9084
1817 1 9085
2467 1 9086
3819 1 9087
1022 1 9088
3204 1 9089
4123 1 9090
4078 1 9091
1335 1 9092
1369 1 9093
481 1 9094
4326 1 9095
3327 1 9096
157 1 9097
4257 1 9098
1656 1 9099
3613 1 9100
3022 1 9101
3018 1 9102
393 1 9103
3677 1 9104
584 1 9105
559 1 9106
4334 1 9107
516 1 9108
4977 1 9109
725 1 9110
980 1 9111
1863 1 9112
4669 1 9113
1914 1 9114
2695 1 9115
1612 1 9116
4618 1 9117
2323 1 9118
4214 1 9119
2782 1 9120
3908 1 9121
3365 1 9122
2285 1 9123
524 1 9124
1064 1 9125
2725 1 9126
2128 1 9127
1794 1 9128
2268 1 9129
3447 1 9130
4054 1 9131
2654 1 9132
3245 1 9133
1152 1 9134
2443 1 9135
3371 1 9136
2230 1 9137
3263 1 9138
2595 1 9139
80 1 9140
1207 1 9141
2687 1 9142
3692 1 9143
2689 1 9144
3011 1 9145
2590 1 9146
2172 1 9147
4083 1 9148
823 1 9149
2777 1 9150
302 1 9151
1723 1 9152
3288 1 9153
3516 1 9154
368 1 9155
1079 1 9156
3213 1 9157
4093 1 9158
4616 1 9159
4099 1 9160
1408 1 9161
841 1 9162
4561 1 9163
3996 1 9164
3472 1 9165
2852 1 9166
3929 1 9167
3351 1 9168
2882 1 9169
1524 1 9170
597 1 9171
2473 1 9172
1586 1 9173
2750 1 9174
3026 1 9175
3728 1 9176
1189 1 9177
2343 1 9178
1053 1 9179
424 1 9180
4001 1 9181
907 1 9182
107 1 9183
4574 1 9184
2370 1 9185
1752 1 9186
689 1 9187
1551 1 9188
3718 1 9189
2667 1 9190
340 1 9191
3808 1 9192
1849 1 9193
4968 1 9194
289 1 9195
4711 1 9196
1041 1 9197
3805 1 9198
4204 1 9199
1256 1 9200
3802 1 9201
3079 1 9202
3348 1 9203
1392 1 9204
10 1 9205
506 1 9206
3021 1 9207
396 1 9208
4269 1 9209
3532 1 9210
3740 1 9211
1977 1 9212
3632 1 9213
938 1 9214
2397 1 9215
725 1 9216
33 1 9217
2729 1 9218
2551 1 9219
1948 1 9220
276 1 9221
4069 1 9222
541 1 9223
3331 1 9224
3295 1 9225
2292 1 9226
4302 1 9227
3615 1 9228
1631 1 9229
1547 1 9230
4397 1 9231
149 1 9232
4391 1 9233
3814 1 9234
2592 1 9235
4995 1 9236
2039 1 9237
891 1 9238
733 1 9239
1029 1 9240
849 1 9241
911 1 9242
3495 1 9243
1200 1 9244
1868 1 9245
391 1 9246
3324 1 9247
2329 1 9248
861 1 9249
23 1 9250
3289 1 9251
1365 1 9252
504 1 9253
37 1 9254
3747 1 9255
1834 1 9256
3722 1 9257
3525 1 9258
1591 1 9259
1884 1 9260
4825 1 9261
4318 1 9262
2826 1 9263
4936 1 9264
4082 1 9265
1875 1 9266
201 1 9267
3947 1 9268
2744 1 9269
1561 1 9270
1265 1 9271
4963 1 9272
659 1 9273
4655 1 9274
175 1 9275
1587 1 9276
4917 1 9277
3408 1 9278
3216 1 9279
4090 1 9280
1094 1 9281
2018 1 9282
4361 1 9283
2812 1 9284
1392 1 9285
4193 1 9286
1871 1 9287
2886 1 9288
2106 1 9289
2764 1 9290
2734 1 9291
3406 1 9292
1153 1 9293
1406 1 9294
1373 1 9295
4607 1 9296
4785 1 9297
3708 1 9298
3344 1 9299
848 1 9300
2263 1 9301
2021 1 9302
2227 1 9303
29 1 9304
2385 1 9305
316 1 9306
2949 1 9307
2908 1 9308
1548 1 9309
566 1 9310
65 1 9311
4040 1 9312
2307 1 9313
1986 1 9314
4605 1 9315
4768 1 9316
4606 1 9317
1171 1 9318
3191 1 9319
2112 1 9320
983 1 9321
3759 1 9322
4026 1 9323
1205 1 9324
1686 1 9325
2162 1 9326
2100 1 9327
4892 1 9328
2125 1 9329
3995 1 9330
4603 1 9331
2171 1 9332
3 1 9333
3037 1 9334
2946 1 9335
2365 1 9336
1813 1 9337
2821 1 9338
1775 1 9339
3425 1 9340
1359 1 9341
3826 1 9342
4711 1 9343
491 1 9344
1814 1 9345
879 1 9346
4455 1 9347
1801 1 9348
2160 1 9349
1970 1 9350
3996 1 9351
4166 1 9352
3641 1 9353
4895 1 9354
4539 1 9355
3881 1 9356
3199 1 9357
3228 1 9358
2153 1 9359
230 1 9360
2878 1 9361
2502 1 9362
4707 1 9363
802 1 9364
1812 1 9365
2514 1 9366
4206 1 9367
4210 1 9368
3589 1 9369
4260 1 9370
4462 1 9371
4052 1 9372
1543 1 9373
4298 1 9374
1914 1 9375
4291 1 9376
2142 1 9377
1713 1 9378
1198 1 9379
1278 1 9380
3608 1 9381
925 1 9382
4942 1 9383
1449 1 9384
3312 1 9385
2084 1 9386
3697 1 9387
3250 1 9388
3710 1 9389
1603 1 9390
3066 1 9391
3300 1 9392
669 1 9393
4679 1 9394
4448 1 9395
574 1 9396
674 1 9397
2892 1 9398
1502 1 9399
2212 1 9400
4875 1 9401
2736 1 9402
1411 1 9403
2875 1 9404
4332 1 9405
3423 1 9406
3074 1 9407
4441 1 9408
1315 1 9409
3048 1 9410
89 1 9411
1281 1 9412
4012 1 9413
3630 1 9414
1469 1 9415
3666 1 9416
2925 1 9417
1830 1 9418
2364 1 9419
656 1 9420
2506 1 9421
2951 1 9422
3641 1 9423
3360 1 9424
1912 1 9425
1636 1 9426
2770 1 9427
2279 1 9428
2661 1 9429
2971 1 9430
2220 1 9431
2115 1 9432
3885 1 9433
4896 1 9434
2228 1 9435
1600 1 9436
1606 1 9437
746 1 9438
4759 1 9439
1419 1 9440
37 1 9441
3788 1 9442
3002 1 9443
4201 1 9444
1269 1 9445
2683 1 9446
1522 1 9447
2615 1 9448
3750 1 9449
1038 1 9450
964 1 9451
1219 1 9452
146 1 9453
3448 1 9454
1972 1 9455
3345 1 9456
984 1 9457
3438 1 9458
4241 1 9459
126 1 9460
189 1 9461
3799 1 9462
2263 1 9463
3287 1 9464
165 1 9465
2078 1 9466
2250 1 9467
1961 1 9468
3149 1 9469
617 1 9470
3049 1 9471
3338 1 9472
2091 1 9473
2445 1 9474
1151 1 9475
454 1 9476
4348 1 9477
1022 1 9478
827 1 9479
4994 1 9480
300 1 9481
2090 1 9482
4104 1 9483
3795 1 9484
3480 1 9485
1893 1 9486
4245 1 9487
486 1 9488
2110 1 9489
686 1 9490
541 1 9491
977 1 9492
1498 1 9493
1064 1 9494
2966 1 9495
576 1 9496
10 1 9497
1745 1 9498
3630 1 9499
1776 1 9500
42 1 9501
3765 1 9502
1368 1 9503
4678 1 9504
3295 1 9505
2234 1 9506
2530 1 9507
1831 1 9508
887 1 9509
2533 1 9510
4265 1 9511
2049 1 9512
3695 1 9513
219 1 9514
1106 1 9515
1456 1 9516
1467 1 9517
592 1 9518
4210 1 9519
2209 1 9520
1000 1 9521
1082 1 9522
3854 1 9523
265 1 9524
2676 1 9525
830 1 9526
1771 1 9527
854 1 9528
123 1 9529
1896 1 9530
606 1 9531
2979 1 9532
4395 1 9533
207 1 9534
516 1 9535
4879 1 9536
1224 1 9537
741 1 9538
2338 1 9539
3174 1 9540
4496 1 9541
930 1 9542
3172 1 9543
1981 1 9544
2503 1 9545
1713 1 9546
897 1 9547
3466 1 9548
730 1 9549
432 1 9550
1029 1 9551
937 1 9552
951 1 9553
3156 1 9554
4724 1 9555
1934 1 9556
2963 1 9557
585 1 9558
1717 1 9559
1216 1 9560
602 1 9561
4925 1 9562
611 1 9563
2252 1 9564
2345 1 9565
3789 1 9566
2317 1 9567
1125 1 9568
4150 1 9569
4045 1 9570
1222 1 9571
34 1 9572
3821 1 9573
1844 1 9574
4541 1 9575
4727 1 9576
724 1 9577
3172 1 9578
133 1 9579
2113 1 9580
4087 1 9581
4765 1 9582
1732 1 9583
3765 1 9584
2988 1 9585
802 1 9586
975 1 9587
4993 1 9588
2719 1 9589
2681 1 9590
892 1 9591
3256 1 9592
629 1 9593
1623 1 9594
1310 1 9595
953 1 9596
1500 1 9597
4712 1 9598
3427 1 9599
4776 1 9600
4569 1 9601
2362 1 9602
1528 1 9603
3755 1 9604
135 1 9605
4674 1 9606
4426 1 9607
4357 1 9608
910 1 9609
4021 1 9610
4142 1 9611
2117 1 9612
3257 1 9613
2711 1 9614
945 1 9615
2015 1 9616
3037 1 9617
4590 1 9618
4088 1 9619
4416 1 9620
4664 1 9621
4830 1 9622
975 1 9623
1653 1 9624
1462 1 9625
3278 1 9626
1821 1 9627
3060 1 9628
1620 1 9629
2969 1 9630
2766 1 9631
3473 1 9632
4752 1 9633
644 1 9634
2414 1 9635
3712 1 9636
2335 1 9637
638 1 9638
3748 1 9639
3209 1 9640
3085 1 9641
2266 1 9642
1004 1 9643
3686 1 9644
4151 1 9645
198 1 9646
4690 1 9647
3581 1 9648
2219 1 9649
3446 1 9650
2045 1 9651
3396 1 9652
1989 1 9653
592 1 9654
3864 1 9655
55 1 9656
1707 1 9657
1633 1 9658
305 1 9659
4011 1 9660
177 1 9661
4790 1 9662
3430 1 9663
1078 1 9664
1357 1 9665
2187 1 9666
3962 1 9667
907 1 9668
4395 1 9669
1086 1 9670
1563 1 9671
865 1 9672
4505 1 9673
124 1 9674
1295 1 9675
4748 1 9676
531 1 9677
4625 1 9678
273 1 9679
4945 1 9680
766 1 9681
4748 1 9682
687 1 9683
4477 1 9684
4592 1 9685
383 1 9686
4118 1 9687
774 1 9688
3414 1 9689
170 1 9690
3835 1 9691
3104 1 9692
1276 1 9693
2184 1 9694
3387 1 9695
2632 1 9696
2591 1 9697
2359 1 9698
1475 1 9699
4531 1 9700
1197 1 9701
3540 1 9702
4528 1 9703
3318 1 9704
2770 1 9705
843 1 9706
2006 1 9707
2391 1 9708
2132 1 9709
4954 1 9710
476 1 9711
2834 1 9712
4535 1 9713
478 1 9714
1038 1 9715
4396 1 9716
1520 1 9717
3475 1 9718
1273 1 9719
2146 1 9720
341 1 9721
3520 1 9722
4769 1 9723
4769 1 9724
2579 1 9725
40 1 9726
4253 1 9727
2671 1 9728
3510 1 9729
1368 1 9730
1856 1 9731
24 1 9732
1363 1 9733
4334 1 9734
841 1 9735
3161 1 9736
1376 1 9737
2047 1 9738
3731 1 9739
783 1 9740
2105 1 9741
2056 1 9742
317 1 9743
3119 1 9744
148 1 9745
4341 1 9746
3498 1 9747
4007 1 9748
3421 1 9749
1429 1 9750
392 1 9751
4155 1 9752
3362 1 9753
2002 1 9754
3461 1 9755
696 1 9756
159 1 9757
4180 1 9758
516 1 9759
3955 1 9760
2777 1 9761
4230 1 9762
3771 1 9763
1041 1 9764
3375 1 9765
4646 1 9766
1047 1 9767
1712 1 9768
3651 1 9769
3769 1 9770
2021 1 9771
2596 1 9772
3644 1 9773
275 1 9774
66 1 9775
2498 1 9776
3918 1 9777
1426 1 9778
155 1 9779
119 1 9780
927 1 9781
899 1 9782
1677 1 9783
273 1 9784
1027 1 9785
1978 1 9786
3533 1 9787
4763 1 9788
3536 1 9789
4813 1 9790
1152 1 9791
116 1 9792
2002 1 9793
1097 1 9794
3850 1 9795
4936 1 9796
4343 1 9797
1515 1 9798
3210 1 9799
3812 1 9800
459 1 9801
703 1 9802
108 1 9803
582 1 9804
828 1 9805
2235 1 9806
2797 1 9807
2370 1 9808
2686 1 9809
1403 1 9810
1953 1 9811
2620 1 9812
3854 1 9813
174 1 9814
4255 1 9815
380 1 9816
386 1 9817
655 1 9818
3938 1 9819
164 1 9820
4182 1 9821
3531 1 9822
2897 1 9823
3706 1 9824
3056 1 9825
4793 1 9826
95 1 9827
2316 1 9828
308 1 9829
3196 1 9830
2498 1 9831
1830 1 9832
2672 1 9833
1882 1 9834
936 1 9835
1965 1 9836
240 1 9837
3664 1 9838
1700 1 9839
4438 1 9840
4634 1 9841
4410 1 9842
1556 1 9843
4135 1 9844
274 1 9845
2262 1 9846
253 1 9847
707 1 9848
4021 1 9849
4144 1 9850
981 1 9851
2033 1 9852
2305 1 9853
1871 1 9854
4839 1 9855
2373 1 9856
1315 1 9857
3030 1 9858
3513 1 9859
3189 1 9860
4215 1 9861
731 1 9862
2696 1 9863
1412 1 9864
874 1 9865
1290 1 9866
2313 1 9867
2313 1 9868
4226 1 9869
3457 1 9870
249 1 9871
2576 1 9872
3899 1 9873
1813 1 9874
4572 1 9875
4838 1 9876
1123 1 9877
619 1 9878
3465 1 9879
2288 1 9880
3174 1 9881
3479 1 9882
3604 1 9883
1732 1 9884
4826 1 9885
4247 1 9886
1282 1 9887
4470 1 9888
2307 1 9889
2296 1 9890
3935 1 9891
2987 1 9892
1078 1 9893
1270 1 9894
4322 1 9895
4280 1 9896
4329 1 9897
3631 1 9898
2334 1 9899
626 1 9900
2401 1 9901
3096 1 9902
4090 1 9903
4231 1 9904
4769 1 9905
1422 1 9906
4417 1 9907
786 1 9908
1433 1 9909
4917 1 9910
290 1 9911
3354 1 9912
1812 1 9913
1467 1 9914
1520 1 9915
4219 1 9916
1351 1 9917
3852 1 9918
4858 1 9919
1835 1 9920
2399 1 9921
4407 1 9922
4091 1 9923
901 1 9924
4995 1 9925
2735 1 9926
4097 1 9927
3432 1 9928
565 1 9929
4114 1 9930
3305 1 9931
616 1 9932
4212 1 9933
4692 1 9934
4024 1 9935
1874 1 9936
1973 1 9937
3771 1 9938
188 1 9939
3580 1 9940
1276 1 9941
452 1 9942
4632 1 9943
3721 1 9944
1502 1 9945
1404 1 9946
346 1 9947
2728 1 9948
105 1 9949
1367 1 9950
3703 1 9951
1773 1 9952
4209 1 9953
3211 1 9954
12 1 9955
1309 1 9956
4724 1 9957
4468 1 9958
3069 1 9959
4301 1 9960
4582 1 9961
1137 1 9962
4193 1 9963
3907 1 9964
4245 1 9965
3093 1 9966
220 1 9967
1043 1 9968
3789 1 9969
1558 1 9970
2059 1 9971
4378 1 9972
2412 1 9973
784 1 9974
1274 1 9975
1765 1 9976
3318 1 9977
2025 1 9978
1888 1 9979
3169 1 9980
3648 1 9981
1406 1 9982
2017 1 9983
916 1 9984
2968 1 9985
1980 1 9986
4977 1 9987
4122 1 9988
3546 1 9989
4303 1 9990
415 1 9991
4584 1 9992
4004 1 9993
4573 1 9994
766 1 9995
107 1 9996
4387 1 9997
163 1 9998
3716 1 9999
2048 1 10000
