20 20 5000
9994601 9994621 9994641 9994661 9994681 9994701 9994721 9994741 9994761 9994781 9994801 9994821 9994841 9994861 9994881 9994901 9994921 9994941 9994961 9994981
9994602 9994622 9994642 9994662 9994682 9994702 9994722 9994742 9994762 9994782 9994802 9994822 9994842 9994862 9994882 9994902 9994922 9994942 9994962 9994982
9994603 9994623 9994643 9994663 9994683 9994703 9994723 9994743 9994763 9994783 9994803 9994823 9994843 9994863 9994883 9994903 9994923 9994943 9994963 9994983
9994604 9994624 9994644 9994664 9994684 9994704 9994724 9994744 9994764 9994784 9994804 9994824 9994844 9994864 9994884 9994904 9994924 9994944 9994964 9994984
9994605 9994625 9994645 9994665 9994685 9994705 9994725 9994745 9994765 9994785 9994805 9994825 9994845 9994865 9994885 9994905 9994925 9994945 9994965 9994985
9994606 9994626 9994646 9994666 9994686 9994706 9994726 9994746 9994766 9994786 9994806 9994826 9994846 9994866 9994886 9994906 9994926 9994946 9994966 9994986
9994607 9994627 9994647 9994667 9994687 9994707 9994727 9994747 9994767 9994787 9994807 9994827 9994847 9994867 9994887 9994907 9994927 9994947 9994967 9994987
9994608 9994628 9994648 9994668 9994688 9994708 9994728 9994748 9994768 9994788 9994808 9994828 9994848 9994868 9994888 9994908 9994928 9994948 9994968 9994988
9994609 9994629 9994649 9994669 9994689 9994709 9994729 9994749 9994769 9994789 9994809 9994829 9994849 9994869 9994889 9994909 9994929 9994949 9994969 9994989
9994610 9994630 9994650 9994670 9994690 9994710 9994730 9994750 9994770 9994790 9994810 9994830 9994850 9994870 9994890 9994910 9994930 9994950 9994970 9994990
9994611 9994631 9994651 9994671 9994691 9994711 9994731 9994751 9994771 9994791 9994811 9994831 9994851 9994871 9994891 9994911 9994931 9994951 9994971 9994991
9994612 9994632 9994652 9994672 9994692 9994712 9994732 9994752 9994772 9994792 9994812 9994832 9994852 9994872 9994892 9994912 9994932 9994952 9994972 9994992
9994613 9994633 9994653 9994673 9994693 9994713 9994733 9994753 9994773 9994793 9994813 9994833 9994853 9994873 9994893 9994913 9994933 9994953 9994973 9994993
9994614 9994634 9994654 9994674 9994694 9994714 9994734 9994754 9994774 9994794 9994814 9994834 9994854 9994874 9994894 9994914 9994934 9994954 9994974 9994994
9994615 9994635 9994655 9994675 9994695 9994715 9994735 9994755 9994775 9994795 9994815 9994835 9994855 9994875 9994895 9994915 9994935 9994955 9994975 9994995
9994616 9994636 9994656 9994676 9994696 9994716 9994736 9994756 9994776 9994796 9994816 9994836 9994856 9994876 9994896 9994916 9994936 9994956 9994976 9994996
9994617 9994637 9994657 9994677 9994697 9994717 9994737 9994757 9994777 9994797 9994817 9994837 9994857 9994877 9994897 9994917 9994937 9994957 9994977 9994997
9994618 9994638 9994658 9994678 9994698 9994718 9994738 9994758 9994778 9994798 9994818 9994838 9994858 9994878 9994898 9994918 9994938 9994958 9994978 9994998
9994619 9994639 9994659 9994679 9994699 9994719 9994739 9994759 9994779 9994799 9994819 9994839 9994859 9994879 9994899 9994919 9994939 9994959 9994979 9994999
9994620 9994640 9994660 9994680 9994700 9994720 9994740 9994760 9994780 9994800 9994820 9994840 9994860 9994880 9994900 9994920 9994940 9994960 9994980 9995000
1 1 9995001
2 1 9995002
3 1 9995003
4 1 9995004
5 1 9995005
6 1 9995006
7 1 9995007
8 1 9995008
9 1 9995009
10 1 9995010
11 1 9995011
12 1 9995012
13 1 9995013
14 1 9995014
15 1 9995015
16 1 9995016
17 1 9995017
18 1 9995018
19 1 9995019
20 1 9995020
1 1 9995021
2 2 9995022
3 3 9995023
4 4 9995024
5 5 9995025
6 6 9995026
7 7 9995027
8 8 9995028
9 9 9995029
10 10 9995030
11 11 9995031
12 12 9995032
13 13 9995033
14 14 9995034
15 15 9995035
16 16 9995036
17 17 9995037
18 18 9995038
19 19 9995039
20 20 9995040
1 1 9995041
2 1 9995042
3 1 9995043
4 1 9995044
5 1 9995045
6 1 9995046
7 1 9995047
8 1 9995048
9 1 9995049
10 1 9995050
11 1 9995051
12 1 9995052
13 1 9995053
14 1 9995054
15 1 9995055
16 1 9995056
17 1 9995057
18 1 9995058
19 1 9995059
20 1 9995060
1 1 9995061
2 2 9995062
3 3 9995063
4 4 9995064
5 5 9995065
6 6 9995066
7 7 9995067
8 8 9995068
9 9 9995069
10 10 9995070
11 11 9995071
12 12 9995072
13 13 9995073
14 14 9995074
15 15 9995075
16 16 9995076
17 17 9995077
18 18 9995078
19 19 9995079
20 20 9995080
1 1 9995081
2 1 9995082
3 1 9995083
4 1 9995084
5 1 9995085
6 1 9995086
7 1 9995087
8 1 9995088
9 1 9995089
10 1 9995090
11 1 9995091
12 1 9995092
13 1 9995093
14 1 9995094
15 1 9995095
16 1 9995096
17 1 9995097
18 1 9995098
19 1 9995099
20 1 9995100
1 1 9995101
2 2 9995102
3 3 9995103
4 4 9995104
5 5 9995105
6 6 9995106
7 7 9995107
8 8 9995108
9 9 9995109
10 10 9995110
11 11 9995111
12 12 9995112
13 13 9995113
14 14 9995114
15 15 9995115
16 16 9995116
17 17 9995117
18 18 9995118
19 19 9995119
20 20 9995120
1 1 9995121
2 1 9995122
3 1 9995123
4 1 9995124
5 1 9995125
6 1 9995126
7 1 9995127
8 1 9995128
9 1 9995129
10 1 9995130
11 1 9995131
12 1 9995132
13 1 9995133
14 1 9995134
15 1 9995135
16 1 9995136
17 1 9995137
18 1 9995138
19 1 9995139
20 1 9995140
1 1 9995141
2 2 9995142
3 3 9995143
4 4 9995144
5 5 9995145
6 6 9995146
7 7 9995147
8 8 9995148
9 9 9995149
10 10 9995150
11 11 9995151
12 12 9995152
13 13 9995153
14 14 9995154
15 15 9995155
16 16 9995156
17 17 9995157
18 18 9995158
19 19 9995159
20 20 9995160
1 1 9995161
2 1 9995162
3 1 9995163
4 1 9995164
5 1 9995165
6 1 9995166
7 1 9995167
8 1 9995168
9 1 9995169
10 1 9995170
11 1 9995171
12 1 9995172
13 1 9995173
14 1 9995174
15 1 9995175
16 1 9995176
17 1 9995177
18 1 9995178
19 1 9995179
20 1 9995180
1 1 9995181
2 2 9995182
3 3 9995183
4 4 9995184
5 5 9995185
6 6 9995186
7 7 9995187
8 8 9995188
9 9 9995189
10 10 9995190
11 11 9995191
12 12 9995192
13 13 9995193
14 14 9995194
15 15 9995195
16 16 9995196
17 17 9995197
18 18 9995198
19 19 9995199
20 20 9995200
1 1 9995201
2 1 9995202
3 1 9995203
4 1 9995204
5 1 9995205
6 1 9995206
7 1 9995207
8 1 9995208
9 1 9995209
10 1 9995210
11 1 9995211
12 1 9995212
13 1 9995213
14 1 9995214
15 1 9995215
16 1 9995216
17 1 9995217
18 1 9995218
19 1 9995219
20 1 9995220
1 1 9995221
2 2 9995222
3 3 9995223
4 4 9995224
5 5 9995225
6 6 9995226
7 7 9995227
8 8 9995228
9 9 9995229
10 10 9995230
11 11 9995231
12 12 9995232
13 13 9995233
14 14 9995234
15 15 9995235
16 16 9995236
17 17 9995237
18 18 9995238
19 19 9995239
20 20 9995240
1 1 9995241
2 1 9995242
3 1 9995243
4 1 9995244
5 1 9995245
6 1 9995246
7 1 9995247
8 1 9995248
9 1 9995249
10 1 9995250
11 1 9995251
12 1 9995252
13 1 9995253
14 1 9995254
15 1 9995255
16 1 9995256
17 1 9995257
18 1 9995258
19 1 9995259
20 1 9995260
1 1 9995261
2 2 9995262
3 3 9995263
4 4 9995264
5 5 9995265
6 6 9995266
7 7 9995267
8 8 9995268
9 9 9995269
10 10 9995270
11 11 9995271
12 12 9995272
13 13 9995273
14 14 9995274
15 15 9995275
16 16 9995276
17 17 9995277
18 18 9995278
19 19 9995279
20 20 9995280
1 1 9995281
2 1 9995282
3 1 9995283
4 1 9995284
5 1 9995285
6 1 9995286
7 1 9995287
8 1 9995288
9 1 9995289
10 1 9995290
11 1 9995291
12 1 9995292
13 1 9995293
14 1 9995294
15 1 9995295
16 1 9995296
17 1 9995297
18 1 9995298
19 1 9995299
20 1 9995300
1 1 9995301
2 2 9995302
3 3 9995303
4 4 9995304
5 5 9995305
6 6 9995306
7 7 9995307
8 8 9995308
9 9 9995309
10 10 9995310
11 11 9995311
12 12 9995312
13 13 9995313
14 14 9995314
15 15 9995315
16 16 9995316
17 17 9995317
18 18 9995318
19 19 9995319
20 20 9995320
1 1 9995321
2 1 9995322
3 1 9995323
4 1 9995324
5 1 9995325
6 1 9995326
7 1 9995327
8 1 9995328
9 1 9995329
10 1 9995330
11 1 9995331
12 1 9995332
13 1 9995333
14 1 9995334
15 1 9995335
16 1 9995336
17 1 9995337
18 1 9995338
19 1 9995339
20 1 9995340
1 1 9995341
2 2 9995342
3 3 9995343
4 4 9995344
5 5 9995345
6 6 9995346
7 7 9995347
8 8 9995348
9 9 9995349
10 10 9995350
11 11 9995351
12 12 9995352
13 13 9995353
14 14 9995354
15 15 9995355
16 16 9995356
17 17 9995357
18 18 9995358
19 19 9995359
20 20 9995360
1 1 9995361
2 1 9995362
3 1 9995363
4 1 9995364
5 1 9995365
6 1 9995366
7 1 9995367
8 1 9995368
9 1 9995369
10 1 9995370
11 1 9995371
12 1 9995372
13 1 9995373
14 1 9995374
15 1 9995375
16 1 9995376
17 1 9995377
18 1 9995378
19 1 9995379
20 1 9995380
1 1 9995381
2 2 9995382
3 3 9995383
4 4 9995384
5 5 9995385
6 6 9995386
7 7 9995387
8 8 9995388
9 9 9995389
10 10 9995390
11 11 9995391
12 12 9995392
13 13 9995393
14 14 9995394
15 15 9995395
16 16 9995396
17 17 9995397
18 18 9995398
19 19 9995399
20 20 9995400
1 1 9995401
2 1 9995402
3 1 9995403
4 1 9995404
5 1 9995405
6 1 9995406
7 1 9995407
8 1 9995408
9 1 9995409
10 1 9995410
11 1 9995411
12 1 9995412
13 1 9995413
14 1 9995414
15 1 9995415
16 1 9995416
17 1 9995417
18 1 9995418
19 1 9995419
20 1 9995420
1 1 9995421
2 2 9995422
3 3 9995423
4 4 9995424
5 5 9995425
6 6 9995426
7 7 9995427
8 8 9995428
9 9 9995429
10 10 9995430
11 11 9995431
12 12 9995432
13 13 9995433
14 14 9995434
15 15 9995435
16 16 9995436
17 17 9995437
18 18 9995438
19 19 9995439
20 20 9995440
1 1 9995441
2 1 9995442
3 1 9995443
4 1 9995444
5 1 9995445
6 1 9995446
7 1 9995447
8 1 9995448
9 1 9995449
10 1 9995450
11 1 9995451
12 1 9995452
13 1 9995453
14 1 9995454
15 1 9995455
16 1 9995456
17 1 9995457
18 1 9995458
19 1 9995459
20 1 9995460
1 1 9995461
2 2 9995462
3 3 9995463
4 4 9995464
5 5 9995465
6 6 9995466
7 7 9995467
8 8 9995468
9 9 9995469
10 10 9995470
11 11 9995471
12 12 9995472
13 13 9995473
14 14 9995474
15 15 9995475
16 16 9995476
17 17 9995477
18 18 9995478
19 19 9995479
20 20 9995480
1 1 9995481
2 1 9995482
3 1 9995483
4 1 9995484
5 1 9995485
6 1 9995486
7 1 9995487
8 1 9995488
9 1 9995489
10 1 9995490
11 1 9995491
12 1 9995492
13 1 9995493
14 1 9995494
15 1 9995495
16 1 9995496
17 1 9995497
18 1 9995498
19 1 9995499
20 1 9995500
1 1 9995501
2 2 9995502
3 3 9995503
4 4 9995504
5 5 9995505
6 6 9995506
7 7 9995507
8 8 9995508
9 9 9995509
10 10 9995510
11 11 9995511
12 12 9995512
13 13 9995513
14 14 9995514
15 15 9995515
16 16 9995516
17 17 9995517
18 18 9995518
19 19 9995519
20 20 9995520
1 1 9995521
2 1 9995522
3 1 9995523
4 1 9995524
5 1 9995525
6 1 9995526
7 1 9995527
8 1 9995528
9 1 9995529
10 1 9995530
11 1 9995531
12 1 9995532
13 1 9995533
14 1 9995534
15 1 9995535
16 1 9995536
17 1 9995537
18 1 9995538
19 1 9995539
20 1 9995540
1 1 9995541
2 2 9995542
3 3 9995543
4 4 9995544
5 5 9995545
6 6 9995546
7 7 9995547
8 8 9995548
9 9 9995549
10 10 9995550
11 11 9995551
12 12 9995552
13 13 9995553
14 14 9995554
15 15 9995555
16 16 9995556
17 17 9995557
18 18 9995558
19 19 9995559
20 20 9995560
1 1 9995561
2 1 9995562
3 1 9995563
4 1 9995564
5 1 9995565
6 1 9995566
7 1 9995567
8 1 9995568
9 1 9995569
10 1 9995570
11 1 9995571
12 1 9995572
13 1 9995573
14 1 9995574
15 1 9995575
16 1 9995576
17 1 9995577
18 1 9995578
19 1 9995579
20 1 9995580
1 1 9995581
2 2 9995582
3 3 9995583
4 4 9995584
5 5 9995585
6 6 9995586
7 7 9995587
8 8 9995588
9 9 9995589
10 10 9995590
11 11 9995591
12 12 9995592
13 13 9995593
14 14 9995594
15 15 9995595
16 16 9995596
17 17 9995597
18 18 9995598
19 19 9995599
20 20 9995600
1 1 9995601
2 1 9995602
3 1 9995603
4 1 9995604
5 1 9995605
6 1 9995606
7 1 9995607
8 1 9995608
9 1 9995609
10 1 9995610
11 1 9995611
12 1 9995612
13 1 9995613
14 1 9995614
15 1 9995615
16 1 9995616
17 1 9995617
18 1 9995618
19 1 9995619
20 1 9995620
1 1 9995621
2 2 9995622
3 3 9995623
4 4 9995624
5 5 9995625
6 6 9995626
7 7 9995627
8 8 9995628
9 9 9995629
10 10 9995630
11 11 9995631
12 12 9995632
13 13 9995633
14 14 9995634
15 15 9995635
16 16 9995636
17 17 9995637
18 18 9995638
19 19 9995639
20 20 9995640
1 1 9995641
2 1 9995642
3 1 9995643
4 1 9995644
5 1 9995645
6 1 9995646
7 1 9995647
8 1 9995648
9 1 9995649
10 1 9995650
11 1 9995651
12 1 9995652
13 1 9995653
14 1 9995654
15 1 9995655
16 1 9995656
17 1 9995657
18 1 9995658
19 1 9995659
20 1 9995660
1 1 9995661
2 2 9995662
3 3 9995663
4 4 9995664
5 5 9995665
6 6 9995666
7 7 9995667
8 8 9995668
9 9 9995669
10 10 9995670
11 11 9995671
12 12 9995672
13 13 9995673
14 14 9995674
15 15 9995675
16 16 9995676
17 17 9995677
18 18 9995678
19 19 9995679
20 20 9995680
1 1 9995681
2 1 9995682
3 1 9995683
4 1 9995684
5 1 9995685
6 1 9995686
7 1 9995687
8 1 9995688
9 1 9995689
10 1 9995690
11 1 9995691
12 1 9995692
13 1 9995693
14 1 9995694
15 1 9995695
16 1 9995696
17 1 9995697
18 1 9995698
19 1 9995699
20 1 9995700
1 1 9995701
2 2 9995702
3 3 9995703
4 4 9995704
5 5 9995705
6 6 9995706
7 7 9995707
8 8 9995708
9 9 9995709
10 10 9995710
11 11 9995711
12 12 9995712
13 13 9995713
14 14 9995714
15 15 9995715
16 16 9995716
17 17 9995717
18 18 9995718
19 19 9995719
20 20 9995720
1 1 9995721
2 1 9995722
3 1 9995723
4 1 9995724
5 1 9995725
6 1 9995726
7 1 9995727
8 1 9995728
9 1 9995729
10 1 9995730
11 1 9995731
12 1 9995732
13 1 9995733
14 1 9995734
15 1 9995735
16 1 9995736
17 1 9995737
18 1 9995738
19 1 9995739
20 1 9995740
1 1 9995741
2 2 9995742
3 3 9995743
4 4 9995744
5 5 9995745
6 6 9995746
7 7 9995747
8 8 9995748
9 9 9995749
10 10 9995750
11 11 9995751
12 12 9995752
13 13 9995753
14 14 9995754
15 15 9995755
16 16 9995756
17 17 9995757
18 18 9995758
19 19 9995759
20 20 9995760
1 1 9995761
2 1 9995762
3 1 9995763
4 1 9995764
5 1 9995765
6 1 9995766
7 1 9995767
8 1 9995768
9 1 9995769
10 1 9995770
11 1 9995771
12 1 9995772
13 1 9995773
14 1 9995774
15 1 9995775
16 1 9995776
17 1 9995777
18 1 9995778
19 1 9995779
20 1 9995780
1 1 9995781
2 2 9995782
3 3 9995783
4 4 9995784
5 5 9995785
6 6 9995786
7 7 9995787
8 8 9995788
9 9 9995789
10 10 9995790
11 11 9995791
12 12 9995792
13 13 9995793
14 14 9995794
15 15 9995795
16 16 9995796
17 17 9995797
18 18 9995798
19 19 9995799
20 20 9995800
1 1 9995801
2 1 9995802
3 1 9995803
4 1 9995804
5 1 9995805
6 1 9995806
7 1 9995807
8 1 9995808
9 1 9995809
10 1 9995810
11 1 9995811
12 1 9995812
13 1 9995813
14 1 9995814
15 1 9995815
16 1 9995816
17 1 9995817
18 1 9995818
19 1 9995819
20 1 9995820
1 1 9995821
2 2 9995822
3 3 9995823
4 4 9995824
5 5 9995825
6 6 9995826
7 7 9995827
8 8 9995828
9 9 9995829
10 10 9995830
11 11 9995831
12 12 9995832
13 13 9995833
14 14 9995834
15 15 9995835
16 16 9995836
17 17 9995837
18 18 9995838
19 19 9995839
20 20 9995840
1 1 9995841
2 1 9995842
3 1 9995843
4 1 9995844
5 1 9995845
6 1 9995846
7 1 9995847
8 1 9995848
9 1 9995849
10 1 9995850
11 1 9995851
12 1 9995852
13 1 9995853
14 1 9995854
15 1 9995855
16 1 9995856
17 1 9995857
18 1 9995858
19 1 9995859
20 1 9995860
1 1 9995861
2 2 9995862
3 3 9995863
4 4 9995864
5 5 9995865
6 6 9995866
7 7 9995867
8 8 9995868
9 9 9995869
10 10 9995870
11 11 9995871
12 12 9995872
13 13 9995873
14 14 9995874
15 15 9995875
16 16 9995876
17 17 9995877
18 18 9995878
19 19 9995879
20 20 9995880
1 1 9995881
2 1 9995882
3 1 9995883
4 1 9995884
5 1 9995885
6 1 9995886
7 1 9995887
8 1 9995888
9 1 9995889
10 1 9995890
11 1 9995891
12 1 9995892
13 1 9995893
14 1 9995894
15 1 9995895
16 1 9995896
17 1 9995897
18 1 9995898
19 1 9995899
20 1 9995900
1 1 9995901
2 2 9995902
3 3 9995903
4 4 9995904
5 5 9995905
6 6 9995906
7 7 9995907
8 8 9995908
9 9 9995909
10 10 9995910
11 11 9995911
12 12 9995912
13 13 9995913
14 14 9995914
15 15 9995915
16 16 9995916
17 17 9995917
18 18 9995918
19 19 9995919
20 20 9995920
1 1 9995921
2 1 9995922
3 1 9995923
4 1 9995924
5 1 9995925
6 1 9995926
7 1 9995927
8 1 9995928
9 1 9995929
10 1 9995930
11 1 9995931
12 1 9995932
13 1 9995933
14 1 9995934
15 1 9995935
16 1 9995936
17 1 9995937
18 1 9995938
19 1 9995939
20 1 9995940
1 1 9995941
2 2 9995942
3 3 9995943
4 4 9995944
5 5 9995945
6 6 9995946
7 7 9995947
8 8 9995948
9 9 9995949
10 10 9995950
11 11 9995951
12 12 9995952
13 13 9995953
14 14 9995954
15 15 9995955
16 16 9995956
17 17 9995957
18 18 9995958
19 19 9995959
20 20 9995960
1 1 9995961
2 1 9995962
3 1 9995963
4 1 9995964
5 1 9995965
6 1 9995966
7 1 9995967
8 1 9995968
9 1 9995969
10 1 9995970
11 1 9995971
12 1 9995972
13 1 9995973
14 1 9995974
15 1 9995975
16 1 9995976
17 1 9995977
18 1 9995978
19 1 9995979
20 1 9995980
1 1 9995981
2 2 9995982
3 3 9995983
4 4 9995984
5 5 9995985
6 6 9995986
7 7 9995987
8 8 9995988
9 9 9995989
10 10 9995990
11 11 9995991
12 12 9995992
13 13 9995993
14 14 9995994
15 15 9995995
16 16 9995996
17 17 9995997
18 18 9995998
19 19 9995999
20 20 9996000
1 1 9996001
2 1 9996002
3 1 9996003
4 1 9996004
5 1 9996005
6 1 9996006
7 1 9996007
8 1 9996008
9 1 9996009
10 1 9996010
11 1 9996011
12 1 9996012
13 1 9996013
14 1 9996014
15 1 9996015
16 1 9996016
17 1 9996017
18 1 9996018
19 1 9996019
20 1 9996020
1 1 9996021
2 2 9996022
3 3 9996023
4 4 9996024
5 5 9996025
6 6 9996026
7 7 9996027
8 8 9996028
9 9 9996029
10 10 9996030
11 11 9996031
12 12 9996032
13 13 9996033
14 14 9996034
15 15 9996035
16 16 9996036
17 17 9996037
18 18 9996038
19 19 9996039
20 20 9996040
1 1 9996041
2 1 9996042
3 1 9996043
4 1 9996044
5 1 9996045
6 1 9996046
7 1 9996047
8 1 9996048
9 1 9996049
10 1 9996050
11 1 9996051
12 1 9996052
13 1 9996053
14 1 9996054
15 1 9996055
16 1 9996056
17 1 9996057
18 1 9996058
19 1 9996059
20 1 9996060
1 1 9996061
2 2 9996062
3 3 9996063
4 4 9996064
5 5 9996065
6 6 9996066
7 7 9996067
8 8 9996068
9 9 9996069
10 10 9996070
11 11 9996071
12 12 9996072
13 13 9996073
14 14 9996074
15 15 9996075
16 16 9996076
17 17 9996077
18 18 9996078
19 19 9996079
20 20 9996080
1 1 9996081
2 1 9996082
3 1 9996083
4 1 9996084
5 1 9996085
6 1 9996086
7 1 9996087
8 1 9996088
9 1 9996089
10 1 9996090
11 1 9996091
12 1 9996092
13 1 9996093
14 1 9996094
15 1 9996095
16 1 9996096
17 1 9996097
18 1 9996098
19 1 9996099
20 1 9996100
1 1 9996101
2 2 9996102
3 3 9996103
4 4 9996104
5 5 9996105
6 6 9996106
7 7 9996107
8 8 9996108
9 9 9996109
10 10 9996110
11 11 9996111
12 12 9996112
13 13 9996113
14 14 9996114
15 15 9996115
16 16 9996116
17 17 9996117
18 18 9996118
19 19 9996119
20 20 9996120
1 1 9996121
2 1 9996122
3 1 9996123
4 1 9996124
5 1 9996125
6 1 9996126
7 1 9996127
8 1 9996128
9 1 9996129
10 1 9996130
11 1 9996131
12 1 9996132
13 1 9996133
14 1 9996134
15 1 9996135
16 1 9996136
17 1 9996137
18 1 9996138
19 1 9996139
20 1 9996140
1 1 9996141
2 2 9996142
3 3 9996143
4 4 9996144
5 5 9996145
6 6 9996146
7 7 9996147
8 8 9996148
9 9 9996149
10 10 9996150
11 11 9996151
12 12 9996152
13 13 9996153
14 14 9996154
15 15 9996155
16 16 9996156
17 17 9996157
18 18 9996158
19 19 9996159
20 20 9996160
1 1 9996161
2 1 9996162
3 1 9996163
4 1 9996164
5 1 9996165
6 1 9996166
7 1 9996167
8 1 9996168
9 1 9996169
10 1 9996170
11 1 9996171
12 1 9996172
13 1 9996173
14 1 9996174
15 1 9996175
16 1 9996176
17 1 9996177
18 1 9996178
19 1 9996179
20 1 9996180
1 1 9996181
2 2 9996182
3 3 9996183
4 4 9996184
5 5 9996185
6 6 9996186
7 7 9996187
8 8 9996188
9 9 9996189
10 10 9996190
11 11 9996191
12 12 9996192
13 13 9996193
14 14 9996194
15 15 9996195
16 16 9996196
17 17 9996197
18 18 9996198
19 19 9996199
20 20 9996200
1 1 9996201
2 1 9996202
3 1 9996203
4 1 9996204
5 1 9996205
6 1 9996206
7 1 9996207
8 1 9996208
9 1 9996209
10 1 9996210
11 1 9996211
12 1 9996212
13 1 9996213
14 1 9996214
15 1 9996215
16 1 9996216
17 1 9996217
18 1 9996218
19 1 9996219
20 1 9996220
1 1 9996221
2 2 9996222
3 3 9996223
4 4 9996224
5 5 9996225
6 6 9996226
7 7 9996227
8 8 9996228
9 9 9996229
10 10 9996230
11 11 9996231
12 12 9996232
13 13 9996233
14 14 9996234
15 15 9996235
16 16 9996236
17 17 9996237
18 18 9996238
19 19 9996239
20 20 9996240
1 1 9996241
2 1 9996242
3 1 9996243
4 1 9996244
5 1 9996245
6 1 9996246
7 1 9996247
8 1 9996248
9 1 9996249
10 1 9996250
11 1 9996251
12 1 9996252
13 1 9996253
14 1 9996254
15 1 9996255
16 1 9996256
17 1 9996257
18 1 9996258
19 1 9996259
20 1 9996260
1 1 9996261
2 2 9996262
3 3 9996263
4 4 9996264
5 5 9996265
6 6 9996266
7 7 9996267
8 8 9996268
9 9 9996269
10 10 9996270
11 11 9996271
12 12 9996272
13 13 9996273
14 14 9996274
15 15 9996275
16 16 9996276
17 17 9996277
18 18 9996278
19 19 9996279
20 20 9996280
1 1 9996281
2 1 9996282
3 1 9996283
4 1 9996284
5 1 9996285
6 1 9996286
7 1 9996287
8 1 9996288
9 1 9996289
10 1 9996290
11 1 9996291
12 1 9996292
13 1 9996293
14 1 9996294
15 1 9996295
16 1 9996296
17 1 9996297
18 1 9996298
19 1 9996299
20 1 9996300
1 1 9996301
2 2 9996302
3 3 9996303
4 4 9996304
5 5 9996305
6 6 9996306
7 7 9996307
8 8 9996308
9 9 9996309
10 10 9996310
11 11 9996311
12 12 9996312
13 13 9996313
14 14 9996314
15 15 9996315
16 16 9996316
17 17 9996317
18 18 9996318
19 19 9996319
20 20 9996320
1 1 9996321
2 1 9996322
3 1 9996323
4 1 9996324
5 1 9996325
6 1 9996326
7 1 9996327
8 1 9996328
9 1 9996329
10 1 9996330
11 1 9996331
12 1 9996332
13 1 9996333
14 1 9996334
15 1 9996335
16 1 9996336
17 1 9996337
18 1 9996338
19 1 9996339
20 1 9996340
1 1 9996341
2 2 9996342
3 3 9996343
4 4 9996344
5 5 9996345
6 6 9996346
7 7 9996347
8 8 9996348
9 9 9996349
10 10 9996350
11 11 9996351
12 12 9996352
13 13 9996353
14 14 9996354
15 15 9996355
16 16 9996356
17 17 9996357
18 18 9996358
19 19 9996359
20 20 9996360
1 1 9996361
2 1 9996362
3 1 9996363
4 1 9996364
5 1 9996365
6 1 9996366
7 1 9996367
8 1 9996368
9 1 9996369
10 1 9996370
11 1 9996371
12 1 9996372
13 1 9996373
14 1 9996374
15 1 9996375
16 1 9996376
17 1 9996377
18 1 9996378
19 1 9996379
20 1 9996380
1 1 9996381
2 2 9996382
3 3 9996383
4 4 9996384
5 5 9996385
6 6 9996386
7 7 9996387
8 8 9996388
9 9 9996389
10 10 9996390
11 11 9996391
12 12 9996392
13 13 9996393
14 14 9996394
15 15 9996395
16 16 9996396
17 17 9996397
18 18 9996398
19 19 9996399
20 20 9996400
1 1 9996401
2 1 9996402
3 1 9996403
4 1 9996404
5 1 9996405
6 1 9996406
7 1 9996407
8 1 9996408
9 1 9996409
10 1 9996410
11 1 9996411
12 1 9996412
13 1 9996413
14 1 9996414
15 1 9996415
16 1 9996416
17 1 9996417
18 1 9996418
19 1 9996419
20 1 9996420
1 1 9996421
2 2 9996422
3 3 9996423
4 4 9996424
5 5 9996425
6 6 9996426
7 7 9996427
8 8 9996428
9 9 9996429
10 10 9996430
11 11 9996431
12 12 9996432
13 13 9996433
14 14 9996434
15 15 9996435
16 16 9996436
17 17 9996437
18 18 9996438
19 19 9996439
20 20 9996440
1 1 9996441
2 1 9996442
3 1 9996443
4 1 9996444
5 1 9996445
6 1 9996446
7 1 9996447
8 1 9996448
9 1 9996449
10 1 9996450
11 1 9996451
12 1 9996452
13 1 9996453
14 1 9996454
15 1 9996455
16 1 9996456
17 1 9996457
18 1 9996458
19 1 9996459
20 1 9996460
1 1 9996461
2 2 9996462
3 3 9996463
4 4 9996464
5 5 9996465
6 6 9996466
7 7 9996467
8 8 9996468
9 9 9996469
10 10 9996470
11 11 9996471
12 12 9996472
13 13 9996473
14 14 9996474
15 15 9996475
16 16 9996476
17 17 9996477
18 18 9996478
19 19 9996479
20 20 9996480
1 1 9996481
2 1 9996482
3 1 9996483
4 1 9996484
5 1 9996485
6 1 9996486
7 1 9996487
8 1 9996488
9 1 9996489
10 1 9996490
11 1 9996491
12 1 9996492
13 1 9996493
14 1 9996494
15 1 9996495
16 1 9996496
17 1 9996497
18 1 9996498
19 1 9996499
20 1 9996500
1 1 9996501
2 2 9996502
3 3 9996503
4 4 9996504
5 5 9996505
6 6 9996506
7 7 9996507
8 8 9996508
9 9 9996509
10 10 9996510
11 11 9996511
12 12 9996512
13 13 9996513
14 14 9996514
15 15 9996515
16 16 9996516
17 17 9996517
18 18 9996518
19 19 9996519
20 20 9996520
1 1 9996521
2 1 9996522
3 1 9996523
4 1 9996524
5 1 9996525
6 1 9996526
7 1 9996527
8 1 9996528
9 1 9996529
10 1 9996530
11 1 9996531
12 1 9996532
13 1 9996533
14 1 9996534
15 1 9996535
16 1 9996536
17 1 9996537
18 1 9996538
19 1 9996539
20 1 9996540
1 1 9996541
2 2 9996542
3 3 9996543
4 4 9996544
5 5 9996545
6 6 9996546
7 7 9996547
8 8 9996548
9 9 9996549
10 10 9996550
11 11 9996551
12 12 9996552
13 13 9996553
14 14 9996554
15 15 9996555
16 16 9996556
17 17 9996557
18 18 9996558
19 19 9996559
20 20 9996560
1 1 9996561
2 1 9996562
3 1 9996563
4 1 9996564
5 1 9996565
6 1 9996566
7 1 9996567
8 1 9996568
9 1 9996569
10 1 9996570
11 1 9996571
12 1 9996572
13 1 9996573
14 1 9996574
15 1 9996575
16 1 9996576
17 1 9996577
18 1 9996578
19 1 9996579
20 1 9996580
1 1 9996581
2 2 9996582
3 3 9996583
4 4 9996584
5 5 9996585
6 6 9996586
7 7 9996587
8 8 9996588
9 9 9996589
10 10 9996590
11 11 9996591
12 12 9996592
13 13 9996593
14 14 9996594
15 15 9996595
16 16 9996596
17 17 9996597
18 18 9996598
19 19 9996599
20 20 9996600
1 1 9996601
2 1 9996602
3 1 9996603
4 1 9996604
5 1 9996605
6 1 9996606
7 1 9996607
8 1 9996608
9 1 9996609
10 1 9996610
11 1 9996611
12 1 9996612
13 1 9996613
14 1 9996614
15 1 9996615
16 1 9996616
17 1 9996617
18 1 9996618
19 1 9996619
20 1 9996620
1 1 9996621
2 2 9996622
3 3 9996623
4 4 9996624
5 5 9996625
6 6 9996626
7 7 9996627
8 8 9996628
9 9 9996629
10 10 9996630
11 11 9996631
12 12 9996632
13 13 9996633
14 14 9996634
15 15 9996635
16 16 9996636
17 17 9996637
18 18 9996638
19 19 9996639
20 20 9996640
1 1 9996641
2 1 9996642
3 1 9996643
4 1 9996644
5 1 9996645
6 1 9996646
7 1 9996647
8 1 9996648
9 1 9996649
10 1 9996650
11 1 9996651
12 1 9996652
13 1 9996653
14 1 9996654
15 1 9996655
16 1 9996656
17 1 9996657
18 1 9996658
19 1 9996659
20 1 9996660
1 1 9996661
2 2 9996662
3 3 9996663
4 4 9996664
5 5 9996665
6 6 9996666
7 7 9996667
8 8 9996668
9 9 9996669
10 10 9996670
11 11 9996671
12 12 9996672
13 13 9996673
14 14 9996674
15 15 9996675
16 16 9996676
17 17 9996677
18 18 9996678
19 19 9996679
20 20 9996680
1 1 9996681
2 1 9996682
3 1 9996683
4 1 9996684
5 1 9996685
6 1 9996686
7 1 9996687
8 1 9996688
9 1 9996689
10 1 9996690
11 1 9996691
12 1 9996692
13 1 9996693
14 1 9996694
15 1 9996695
16 1 9996696
17 1 9996697
18 1 9996698
19 1 9996699
20 1 9996700
1 1 9996701
2 2 9996702
3 3 9996703
4 4 9996704
5 5 9996705
6 6 9996706
7 7 9996707
8 8 9996708
9 9 9996709
10 10 9996710
11 11 9996711
12 12 9996712
13 13 9996713
14 14 9996714
15 15 9996715
16 16 9996716
17 17 9996717
18 18 9996718
19 19 9996719
20 20 9996720
1 1 9996721
2 1 9996722
3 1 9996723
4 1 9996724
5 1 9996725
6 1 9996726
7 1 9996727
8 1 9996728
9 1 9996729
10 1 9996730
11 1 9996731
12 1 9996732
13 1 9996733
14 1 9996734
15 1 9996735
16 1 9996736
17 1 9996737
18 1 9996738
19 1 9996739
20 1 9996740
1 1 9996741
2 2 9996742
3 3 9996743
4 4 9996744
5 5 9996745
6 6 9996746
7 7 9996747
8 8 9996748
9 9 9996749
10 10 9996750
11 11 9996751
12 12 9996752
13 13 9996753
14 14 9996754
15 15 9996755
16 16 9996756
17 17 9996757
18 18 9996758
19 19 9996759
20 20 9996760
1 1 9996761
2 1 9996762
3 1 9996763
4 1 9996764
5 1 9996765
6 1 9996766
7 1 9996767
8 1 9996768
9 1 9996769
10 1 9996770
11 1 9996771
12 1 9996772
13 1 9996773
14 1 9996774
15 1 9996775
16 1 9996776
17 1 9996777
18 1 9996778
19 1 9996779
20 1 9996780
1 1 9996781
2 2 9996782
3 3 9996783
4 4 9996784
5 5 9996785
6 6 9996786
7 7 9996787
8 8 9996788
9 9 9996789
10 10 9996790
11 11 9996791
12 12 9996792
13 13 9996793
14 14 9996794
15 15 9996795
16 16 9996796
17 17 9996797
18 18 9996798
19 19 9996799
20 20 9996800
1 1 9996801
2 1 9996802
3 1 9996803
4 1 9996804
5 1 9996805
6 1 9996806
7 1 9996807
8 1 9996808
9 1 9996809
10 1 9996810
11 1 9996811
12 1 9996812
13 1 9996813
14 1 9996814
15 1 9996815
16 1 9996816
17 1 9996817
18 1 9996818
19 1 9996819
20 1 9996820
1 1 9996821
2 2 9996822
3 3 9996823
4 4 9996824
5 5 9996825
6 6 9996826
7 7 9996827
8 8 9996828
9 9 9996829
10 10 9996830
11 11 9996831
12 12 9996832
13 13 9996833
14 14 9996834
15 15 9996835
16 16 9996836
17 17 9996837
18 18 9996838
19 19 9996839
20 20 9996840
1 1 9996841
2 1 9996842
3 1 9996843
4 1 9996844
5 1 9996845
6 1 9996846
7 1 9996847
8 1 9996848
9 1 9996849
10 1 9996850
11 1 9996851
12 1 9996852
13 1 9996853
14 1 9996854
15 1 9996855
16 1 9996856
17 1 9996857
18 1 9996858
19 1 9996859
20 1 9996860
1 1 9996861
2 2 9996862
3 3 9996863
4 4 9996864
5 5 9996865
6 6 9996866
7 7 9996867
8 8 9996868
9 9 9996869
10 10 9996870
11 11 9996871
12 12 9996872
13 13 9996873
14 14 9996874
15 15 9996875
16 16 9996876
17 17 9996877
18 18 9996878
19 19 9996879
20 20 9996880
1 1 9996881
2 1 9996882
3 1 9996883
4 1 9996884
5 1 9996885
6 1 9996886
7 1 9996887
8 1 9996888
9 1 9996889
10 1 9996890
11 1 9996891
12 1 9996892
13 1 9996893
14 1 9996894
15 1 9996895
16 1 9996896
17 1 9996897
18 1 9996898
19 1 9996899
20 1 9996900
1 1 9996901
2 2 9996902
3 3 9996903
4 4 9996904
5 5 9996905
6 6 9996906
7 7 9996907
8 8 9996908
9 9 9996909
10 10 9996910
11 11 9996911
12 12 9996912
13 13 9996913
14 14 9996914
15 15 9996915
16 16 9996916
17 17 9996917
18 18 9996918
19 19 9996919
20 20 9996920
1 1 9996921
2 1 9996922
3 1 9996923
4 1 9996924
5 1 9996925
6 1 9996926
7 1 9996927
8 1 9996928
9 1 9996929
10 1 9996930
11 1 9996931
12 1 9996932
13 1 9996933
14 1 9996934
15 1 9996935
16 1 9996936
17 1 9996937
18 1 9996938
19 1 9996939
20 1 9996940
1 1 9996941
2 2 9996942
3 3 9996943
4 4 9996944
5 5 9996945
6 6 9996946
7 7 9996947
8 8 9996948
9 9 9996949
10 10 9996950
11 11 9996951
12 12 9996952
13 13 9996953
14 14 9996954
15 15 9996955
16 16 9996956
17 17 9996957
18 18 9996958
19 19 9996959
20 20 9996960
1 1 9996961
2 1 9996962
3 1 9996963
4 1 9996964
5 1 9996965
6 1 9996966
7 1 9996967
8 1 9996968
9 1 9996969
10 1 9996970
11 1 9996971
12 1 9996972
13 1 9996973
14 1 9996974
15 1 9996975
16 1 9996976
17 1 9996977
18 1 9996978
19 1 9996979
20 1 9996980
1 1 9996981
2 2 9996982
3 3 9996983
4 4 9996984
5 5 9996985
6 6 9996986
7 7 9996987
8 8 9996988
9 9 9996989
10 10 9996990
11 11 9996991
12 12 9996992
13 13 9996993
14 14 9996994
15 15 9996995
16 16 9996996
17 17 9996997
18 18 9996998
19 19 9996999
20 20 9997000
1 1 9997001
2 1 9997002
3 1 9997003
4 1 9997004
5 1 9997005
6 1 9997006
7 1 9997007
8 1 9997008
9 1 9997009
10 1 9997010
11 1 9997011
12 1 9997012
13 1 9997013
14 1 9997014
15 1 9997015
16 1 9997016
17 1 9997017
18 1 9997018
19 1 9997019
20 1 9997020
1 1 9997021
2 2 9997022
3 3 9997023
4 4 9997024
5 5 9997025
6 6 9997026
7 7 9997027
8 8 9997028
9 9 9997029
10 10 9997030
11 11 9997031
12 12 9997032
13 13 9997033
14 14 9997034
15 15 9997035
16 16 9997036
17 17 9997037
18 18 9997038
19 19 9997039
20 20 9997040
1 1 9997041
2 1 9997042
3 1 9997043
4 1 9997044
5 1 9997045
6 1 9997046
7 1 9997047
8 1 9997048
9 1 9997049
10 1 9997050
11 1 9997051
12 1 9997052
13 1 9997053
14 1 9997054
15 1 9997055
16 1 9997056
17 1 9997057
18 1 9997058
19 1 9997059
20 1 9997060
1 1 9997061
2 2 9997062
3 3 9997063
4 4 9997064
5 5 9997065
6 6 9997066
7 7 9997067
8 8 9997068
9 9 9997069
10 10 9997070
11 11 9997071
12 12 9997072
13 13 9997073
14 14 9997074
15 15 9997075
16 16 9997076
17 17 9997077
18 18 9997078
19 19 9997079
20 20 9997080
1 1 9997081
2 1 9997082
3 1 9997083
4 1 9997084
5 1 9997085
6 1 9997086
7 1 9997087
8 1 9997088
9 1 9997089
10 1 9997090
11 1 9997091
12 1 9997092
13 1 9997093
14 1 9997094
15 1 9997095
16 1 9997096
17 1 9997097
18 1 9997098
19 1 9997099
20 1 9997100
1 1 9997101
2 2 9997102
3 3 9997103
4 4 9997104
5 5 9997105
6 6 9997106
7 7 9997107
8 8 9997108
9 9 9997109
10 10 9997110
11 11 9997111
12 12 9997112
13 13 9997113
14 14 9997114
15 15 9997115
16 16 9997116
17 17 9997117
18 18 9997118
19 19 9997119
20 20 9997120
1 1 9997121
2 1 9997122
3 1 9997123
4 1 9997124
5 1 9997125
6 1 9997126
7 1 9997127
8 1 9997128
9 1 9997129
10 1 9997130
11 1 9997131
12 1 9997132
13 1 9997133
14 1 9997134
15 1 9997135
16 1 9997136
17 1 9997137
18 1 9997138
19 1 9997139
20 1 9997140
1 1 9997141
2 2 9997142
3 3 9997143
4 4 9997144
5 5 9997145
6 6 9997146
7 7 9997147
8 8 9997148
9 9 9997149
10 10 9997150
11 11 9997151
12 12 9997152
13 13 9997153
14 14 9997154
15 15 9997155
16 16 9997156
17 17 9997157
18 18 9997158
19 19 9997159
20 20 9997160
1 1 9997161
2 1 9997162
3 1 9997163
4 1 9997164
5 1 9997165
6 1 9997166
7 1 9997167
8 1 9997168
9 1 9997169
10 1 9997170
11 1 9997171
12 1 9997172
13 1 9997173
14 1 9997174
15 1 9997175
16 1 9997176
17 1 9997177
18 1 9997178
19 1 9997179
20 1 9997180
1 1 9997181
2 2 9997182
3 3 9997183
4 4 9997184
5 5 9997185
6 6 9997186
7 7 9997187
8 8 9997188
9 9 9997189
10 10 9997190
11 11 9997191
12 12 9997192
13 13 9997193
14 14 9997194
15 15 9997195
16 16 9997196
17 17 9997197
18 18 9997198
19 19 9997199
20 20 9997200
1 1 9997201
2 1 9997202
3 1 9997203
4 1 9997204
5 1 9997205
6 1 9997206
7 1 9997207
8 1 9997208
9 1 9997209
10 1 9997210
11 1 9997211
12 1 9997212
13 1 9997213
14 1 9997214
15 1 9997215
16 1 9997216
17 1 9997217
18 1 9997218
19 1 9997219
20 1 9997220
1 1 9997221
2 2 9997222
3 3 9997223
4 4 9997224
5 5 9997225
6 6 9997226
7 7 9997227
8 8 9997228
9 9 9997229
10 10 9997230
11 11 9997231
12 12 9997232
13 13 9997233
14 14 9997234
15 15 9997235
16 16 9997236
17 17 9997237
18 18 9997238
19 19 9997239
20 20 9997240
1 1 9997241
2 1 9997242
3 1 9997243
4 1 9997244
5 1 9997245
6 1 9997246
7 1 9997247
8 1 9997248
9 1 9997249
10 1 9997250
11 1 9997251
12 1 9997252
13 1 9997253
14 1 9997254
15 1 9997255
16 1 9997256
17 1 9997257
18 1 9997258
19 1 9997259
20 1 9997260
1 1 9997261
2 2 9997262
3 3 9997263
4 4 9997264
5 5 9997265
6 6 9997266
7 7 9997267
8 8 9997268
9 9 9997269
10 10 9997270
11 11 9997271
12 12 9997272
13 13 9997273
14 14 9997274
15 15 9997275
16 16 9997276
17 17 9997277
18 18 9997278
19 19 9997279
20 20 9997280
1 1 9997281
2 1 9997282
3 1 9997283
4 1 9997284
5 1 9997285
6 1 9997286
7 1 9997287
8 1 9997288
9 1 9997289
10 1 9997290
11 1 9997291
12 1 9997292
13 1 9997293
14 1 9997294
15 1 9997295
16 1 9997296
17 1 9997297
18 1 9997298
19 1 9997299
20 1 9997300
1 1 9997301
2 2 9997302
3 3 9997303
4 4 9997304
5 5 9997305
6 6 9997306
7 7 9997307
8 8 9997308
9 9 9997309
10 10 9997310
11 11 9997311
12 12 9997312
13 13 9997313
14 14 9997314
15 15 9997315
16 16 9997316
17 17 9997317
18 18 9997318
19 19 9997319
20 20 9997320
1 1 9997321
2 1 9997322
3 1 9997323
4 1 9997324
5 1 9997325
6 1 9997326
7 1 9997327
8 1 9997328
9 1 9997329
10 1 9997330
11 1 9997331
12 1 9997332
13 1 9997333
14 1 9997334
15 1 9997335
16 1 9997336
17 1 9997337
18 1 9997338
19 1 9997339
20 1 9997340
1 1 9997341
2 2 9997342
3 3 9997343
4 4 9997344
5 5 9997345
6 6 9997346
7 7 9997347
8 8 9997348
9 9 9997349
10 10 9997350
11 11 9997351
12 12 9997352
13 13 9997353
14 14 9997354
15 15 9997355
16 16 9997356
17 17 9997357
18 18 9997358
19 19 9997359
20 20 9997360
1 1 9997361
2 1 9997362
3 1 9997363
4 1 9997364
5 1 9997365
6 1 9997366
7 1 9997367
8 1 9997368
9 1 9997369
10 1 9997370
11 1 9997371
12 1 9997372
13 1 9997373
14 1 9997374
15 1 9997375
16 1 9997376
17 1 9997377
18 1 9997378
19 1 9997379
20 1 9997380
1 1 9997381
2 2 9997382
3 3 9997383
4 4 9997384
5 5 9997385
6 6 9997386
7 7 9997387
8 8 9997388
9 9 9997389
10 10 9997390
11 11 9997391
12 12 9997392
13 13 9997393
14 14 9997394
15 15 9997395
16 16 9997396
17 17 9997397
18 18 9997398
19 19 9997399
20 20 9997400
1 1 9997401
2 1 9997402
3 1 9997403
4 1 9997404
5 1 9997405
6 1 9997406
7 1 9997407
8 1 9997408
9 1 9997409
10 1 9997410
11 1 9997411
12 1 9997412
13 1 9997413
14 1 9997414
15 1 9997415
16 1 9997416
17 1 9997417
18 1 9997418
19 1 9997419
20 1 9997420
1 1 9997421
2 2 9997422
3 3 9997423
4 4 9997424
5 5 9997425
6 6 9997426
7 7 9997427
8 8 9997428
9 9 9997429
10 10 9997430
11 11 9997431
12 12 9997432
13 13 9997433
14 14 9997434
15 15 9997435
16 16 9997436
17 17 9997437
18 18 9997438
19 19 9997439
20 20 9997440
1 1 9997441
2 1 9997442
3 1 9997443
4 1 9997444
5 1 9997445
6 1 9997446
7 1 9997447
8 1 9997448
9 1 9997449
10 1 9997450
11 1 9997451
12 1 9997452
13 1 9997453
14 1 9997454
15 1 9997455
16 1 9997456
17 1 9997457
18 1 9997458
19 1 9997459
20 1 9997460
1 1 9997461
2 2 9997462
3 3 9997463
4 4 9997464
5 5 9997465
6 6 9997466
7 7 9997467
8 8 9997468
9 9 9997469
10 10 9997470
11 11 9997471
12 12 9997472
13 13 9997473
14 14 9997474
15 15 9997475
16 16 9997476
17 17 9997477
18 18 9997478
19 19 9997479
20 20 9997480
1 1 9997481
2 1 9997482
3 1 9997483
4 1 9997484
5 1 9997485
6 1 9997486
7 1 9997487
8 1 9997488
9 1 9997489
10 1 9997490
11 1 9997491
12 1 9997492
13 1 9997493
14 1 9997494
15 1 9997495
16 1 9997496
17 1 9997497
18 1 9997498
19 1 9997499
20 1 9997500
1 1 9997501
2 2 9997502
3 3 9997503
4 4 9997504
5 5 9997505
6 6 9997506
7 7 9997507
8 8 9997508
9 9 9997509
10 10 9997510
11 11 9997511
12 12 9997512
13 13 9997513
14 14 9997514
15 15 9997515
16 16 9997516
17 17 9997517
18 18 9997518
19 19 9997519
20 20 9997520
1 1 9997521
2 1 9997522
3 1 9997523
4 1 9997524
5 1 9997525
6 1 9997526
7 1 9997527
8 1 9997528
9 1 9997529
10 1 9997530
11 1 9997531
12 1 9997532
13 1 9997533
14 1 9997534
15 1 9997535
16 1 9997536
17 1 9997537
18 1 9997538
19 1 9997539
20 1 9997540
1 1 9997541
2 2 9997542
3 3 9997543
4 4 9997544
5 5 9997545
6 6 9997546
7 7 9997547
8 8 9997548
9 9 9997549
10 10 9997550
11 11 9997551
12 12 9997552
13 13 9997553
14 14 9997554
15 15 9997555
16 16 9997556
17 17 9997557
18 18 9997558
19 19 9997559
20 20 9997560
1 1 9997561
2 1 9997562
3 1 9997563
4 1 9997564
5 1 9997565
6 1 9997566
7 1 9997567
8 1 9997568
9 1 9997569
10 1 9997570
11 1 9997571
12 1 9997572
13 1 9997573
14 1 9997574
15 1 9997575
16 1 9997576
17 1 9997577
18 1 9997578
19 1 9997579
20 1 9997580
1 1 9997581
2 2 9997582
3 3 9997583
4 4 9997584
5 5 9997585
6 6 9997586
7 7 9997587
8 8 9997588
9 9 9997589
10 10 9997590
11 11 9997591
12 12 9997592
13 13 9997593
14 14 9997594
15 15 9997595
16 16 9997596
17 17 9997597
18 18 9997598
19 19 9997599
20 20 9997600
1 1 9997601
2 1 9997602
3 1 9997603
4 1 9997604
5 1 9997605
6 1 9997606
7 1 9997607
8 1 9997608
9 1 9997609
10 1 9997610
11 1 9997611
12 1 9997612
13 1 9997613
14 1 9997614
15 1 9997615
16 1 9997616
17 1 9997617
18 1 9997618
19 1 9997619
20 1 9997620
1 1 9997621
2 2 9997622
3 3 9997623
4 4 9997624
5 5 9997625
6 6 9997626
7 7 9997627
8 8 9997628
9 9 9997629
10 10 9997630
11 11 9997631
12 12 9997632
13 13 9997633
14 14 9997634
15 15 9997635
16 16 9997636
17 17 9997637
18 18 9997638
19 19 9997639
20 20 9997640
1 1 9997641
2 1 9997642
3 1 9997643
4 1 9997644
5 1 9997645
6 1 9997646
7 1 9997647
8 1 9997648
9 1 9997649
10 1 9997650
11 1 9997651
12 1 9997652
13 1 9997653
14 1 9997654
15 1 9997655
16 1 9997656
17 1 9997657
18 1 9997658
19 1 9997659
20 1 9997660
1 1 9997661
2 2 9997662
3 3 9997663
4 4 9997664
5 5 9997665
6 6 9997666
7 7 9997667
8 8 9997668
9 9 9997669
10 10 9997670
11 11 9997671
12 12 9997672
13 13 9997673
14 14 9997674
15 15 9997675
16 16 9997676
17 17 9997677
18 18 9997678
19 19 9997679
20 20 9997680
1 1 9997681
2 1 9997682
3 1 9997683
4 1 9997684
5 1 9997685
6 1 9997686
7 1 9997687
8 1 9997688
9 1 9997689
10 1 9997690
11 1 9997691
12 1 9997692
13 1 9997693
14 1 9997694
15 1 9997695
16 1 9997696
17 1 9997697
18 1 9997698
19 1 9997699
20 1 9997700
1 1 9997701
2 2 9997702
3 3 9997703
4 4 9997704
5 5 9997705
6 6 9997706
7 7 9997707
8 8 9997708
9 9 9997709
10 10 9997710
11 11 9997711
12 12 9997712
13 13 9997713
14 14 9997714
15 15 9997715
16 16 9997716
17 17 9997717
18 18 9997718
19 19 9997719
20 20 9997720
1 1 9997721
2 1 9997722
3 1 9997723
4 1 9997724
5 1 9997725
6 1 9997726
7 1 9997727
8 1 9997728
9 1 9997729
10 1 9997730
11 1 9997731
12 1 9997732
13 1 9997733
14 1 9997734
15 1 9997735
16 1 9997736
17 1 9997737
18 1 9997738
19 1 9997739
20 1 9997740
1 1 9997741
2 2 9997742
3 3 9997743
4 4 9997744
5 5 9997745
6 6 9997746
7 7 9997747
8 8 9997748
9 9 9997749
10 10 9997750
11 11 9997751
12 12 9997752
13 13 9997753
14 14 9997754
15 15 9997755
16 16 9997756
17 17 9997757
18 18 9997758
19 19 9997759
20 20 9997760
1 1 9997761
2 1 9997762
3 1 9997763
4 1 9997764
5 1 9997765
6 1 9997766
7 1 9997767
8 1 9997768
9 1 9997769
10 1 9997770
11 1 9997771
12 1 9997772
13 1 9997773
14 1 9997774
15 1 9997775
16 1 9997776
17 1 9997777
18 1 9997778
19 1 9997779
20 1 9997780
1 1 9997781
2 2 9997782
3 3 9997783
4 4 9997784
5 5 9997785
6 6 9997786
7 7 9997787
8 8 9997788
9 9 9997789
10 10 9997790
11 11 9997791
12 12 9997792
13 13 9997793
14 14 9997794
15 15 9997795
16 16 9997796
17 17 9997797
18 18 9997798
19 19 9997799
20 20 9997800
1 1 9997801
2 1 9997802
3 1 9997803
4 1 9997804
5 1 9997805
6 1 9997806
7 1 9997807
8 1 9997808
9 1 9997809
10 1 9997810
11 1 9997811
12 1 9997812
13 1 9997813
14 1 9997814
15 1 9997815
16 1 9997816
17 1 9997817
18 1 9997818
19 1 9997819
20 1 9997820
1 1 9997821
2 2 9997822
3 3 9997823
4 4 9997824
5 5 9997825
6 6 9997826
7 7 9997827
8 8 9997828
9 9 9997829
10 10 9997830
11 11 9997831
12 12 9997832
13 13 9997833
14 14 9997834
15 15 9997835
16 16 9997836
17 17 9997837
18 18 9997838
19 19 9997839
20 20 9997840
1 1 9997841
2 1 9997842
3 1 9997843
4 1 9997844
5 1 9997845
6 1 9997846
7 1 9997847
8 1 9997848
9 1 9997849
10 1 9997850
11 1 9997851
12 1 9997852
13 1 9997853
14 1 9997854
15 1 9997855
16 1 9997856
17 1 9997857
18 1 9997858
19 1 9997859
20 1 9997860
1 1 9997861
2 2 9997862
3 3 9997863
4 4 9997864
5 5 9997865
6 6 9997866
7 7 9997867
8 8 9997868
9 9 9997869
10 10 9997870
11 11 9997871
12 12 9997872
13 13 9997873
14 14 9997874
15 15 9997875
16 16 9997876
17 17 9997877
18 18 9997878
19 19 9997879
20 20 9997880
1 1 9997881
2 1 9997882
3 1 9997883
4 1 9997884
5 1 9997885
6 1 9997886
7 1 9997887
8 1 9997888
9 1 9997889
10 1 9997890
11 1 9997891
12 1 9997892
13 1 9997893
14 1 9997894
15 1 9997895
16 1 9997896
17 1 9997897
18 1 9997898
19 1 9997899
20 1 9997900
1 1 9997901
2 2 9997902
3 3 9997903
4 4 9997904
5 5 9997905
6 6 9997906
7 7 9997907
8 8 9997908
9 9 9997909
10 10 9997910
11 11 9997911
12 12 9997912
13 13 9997913
14 14 9997914
15 15 9997915
16 16 9997916
17 17 9997917
18 18 9997918
19 19 9997919
20 20 9997920
1 1 9997921
2 1 9997922
3 1 9997923
4 1 9997924
5 1 9997925
6 1 9997926
7 1 9997927
8 1 9997928
9 1 9997929
10 1 9997930
11 1 9997931
12 1 9997932
13 1 9997933
14 1 9997934
15 1 9997935
16 1 9997936
17 1 9997937
18 1 9997938
19 1 9997939
20 1 9997940
1 1 9997941
2 2 9997942
3 3 9997943
4 4 9997944
5 5 9997945
6 6 9997946
7 7 9997947
8 8 9997948
9 9 9997949
10 10 9997950
11 11 9997951
12 12 9997952
13 13 9997953
14 14 9997954
15 15 9997955
16 16 9997956
17 17 9997957
18 18 9997958
19 19 9997959
20 20 9997960
1 1 9997961
2 1 9997962
3 1 9997963
4 1 9997964
5 1 9997965
6 1 9997966
7 1 9997967
8 1 9997968
9 1 9997969
10 1 9997970
11 1 9997971
12 1 9997972
13 1 9997973
14 1 9997974
15 1 9997975
16 1 9997976
17 1 9997977
18 1 9997978
19 1 9997979
20 1 9997980
1 1 9997981
2 2 9997982
3 3 9997983
4 4 9997984
5 5 9997985
6 6 9997986
7 7 9997987
8 8 9997988
9 9 9997989
10 10 9997990
11 11 9997991
12 12 9997992
13 13 9997993
14 14 9997994
15 15 9997995
16 16 9997996
17 17 9997997
18 18 9997998
19 19 9997999
20 20 9998000
1 1 9998001
2 1 9998002
3 1 9998003
4 1 9998004
5 1 9998005
6 1 9998006
7 1 9998007
8 1 9998008
9 1 9998009
10 1 9998010
11 1 9998011
12 1 9998012
13 1 9998013
14 1 9998014
15 1 9998015
16 1 9998016
17 1 9998017
18 1 9998018
19 1 9998019
20 1 9998020
1 1 9998021
2 2 9998022
3 3 9998023
4 4 9998024
5 5 9998025
6 6 9998026
7 7 9998027
8 8 9998028
9 9 9998029
10 10 9998030
11 11 9998031
12 12 9998032
13 13 9998033
14 14 9998034
15 15 9998035
16 16 9998036
17 17 9998037
18 18 9998038
19 19 9998039
20 20 9998040
1 1 9998041
2 1 9998042
3 1 9998043
4 1 9998044
5 1 9998045
6 1 9998046
7 1 9998047
8 1 9998048
9 1 9998049
10 1 9998050
11 1 9998051
12 1 9998052
13 1 9998053
14 1 9998054
15 1 9998055
16 1 9998056
17 1 9998057
18 1 9998058
19 1 9998059
20 1 9998060
1 1 9998061
2 2 9998062
3 3 9998063
4 4 9998064
5 5 9998065
6 6 9998066
7 7 9998067
8 8 9998068
9 9 9998069
10 10 9998070
11 11 9998071
12 12 9998072
13 13 9998073
14 14 9998074
15 15 9998075
16 16 9998076
17 17 9998077
18 18 9998078
19 19 9998079
20 20 9998080
1 1 9998081
2 1 9998082
3 1 9998083
4 1 9998084
5 1 9998085
6 1 9998086
7 1 9998087
8 1 9998088
9 1 9998089
10 1 9998090
11 1 9998091
12 1 9998092
13 1 9998093
14 1 9998094
15 1 9998095
16 1 9998096
17 1 9998097
18 1 9998098
19 1 9998099
20 1 9998100
1 1 9998101
2 2 9998102
3 3 9998103
4 4 9998104
5 5 9998105
6 6 9998106
7 7 9998107
8 8 9998108
9 9 9998109
10 10 9998110
11 11 9998111
12 12 9998112
13 13 9998113
14 14 9998114
15 15 9998115
16 16 9998116
17 17 9998117
18 18 9998118
19 19 9998119
20 20 9998120
1 1 9998121
2 1 9998122
3 1 9998123
4 1 9998124
5 1 9998125
6 1 9998126
7 1 9998127
8 1 9998128
9 1 9998129
10 1 9998130
11 1 9998131
12 1 9998132
13 1 9998133
14 1 9998134
15 1 9998135
16 1 9998136
17 1 9998137
18 1 9998138
19 1 9998139
20 1 9998140
1 1 9998141
2 2 9998142
3 3 9998143
4 4 9998144
5 5 9998145
6 6 9998146
7 7 9998147
8 8 9998148
9 9 9998149
10 10 9998150
11 11 9998151
12 12 9998152
13 13 9998153
14 14 9998154
15 15 9998155
16 16 9998156
17 17 9998157
18 18 9998158
19 19 9998159
20 20 9998160
1 1 9998161
2 1 9998162
3 1 9998163
4 1 9998164
5 1 9998165
6 1 9998166
7 1 9998167
8 1 9998168
9 1 9998169
10 1 9998170
11 1 9998171
12 1 9998172
13 1 9998173
14 1 9998174
15 1 9998175
16 1 9998176
17 1 9998177
18 1 9998178
19 1 9998179
20 1 9998180
1 1 9998181
2 2 9998182
3 3 9998183
4 4 9998184
5 5 9998185
6 6 9998186
7 7 9998187
8 8 9998188
9 9 9998189
10 10 9998190
11 11 9998191
12 12 9998192
13 13 9998193
14 14 9998194
15 15 9998195
16 16 9998196
17 17 9998197
18 18 9998198
19 19 9998199
20 20 9998200
1 1 9998201
2 1 9998202
3 1 9998203
4 1 9998204
5 1 9998205
6 1 9998206
7 1 9998207
8 1 9998208
9 1 9998209
10 1 9998210
11 1 9998211
12 1 9998212
13 1 9998213
14 1 9998214
15 1 9998215
16 1 9998216
17 1 9998217
18 1 9998218
19 1 9998219
20 1 9998220
1 1 9998221
2 2 9998222
3 3 9998223
4 4 9998224
5 5 9998225
6 6 9998226
7 7 9998227
8 8 9998228
9 9 9998229
10 10 9998230
11 11 9998231
12 12 9998232
13 13 9998233
14 14 9998234
15 15 9998235
16 16 9998236
17 17 9998237
18 18 9998238
19 19 9998239
20 20 9998240
1 1 9998241
2 1 9998242
3 1 9998243
4 1 9998244
5 1 9998245
6 1 9998246
7 1 9998247
8 1 9998248
9 1 9998249
10 1 9998250
11 1 9998251
12 1 9998252
13 1 9998253
14 1 9998254
15 1 9998255
16 1 9998256
17 1 9998257
18 1 9998258
19 1 9998259
20 1 9998260
1 1 9998261
2 2 9998262
3 3 9998263
4 4 9998264
5 5 9998265
6 6 9998266
7 7 9998267
8 8 9998268
9 9 9998269
10 10 9998270
11 11 9998271
12 12 9998272
13 13 9998273
14 14 9998274
15 15 9998275
16 16 9998276
17 17 9998277
18 18 9998278
19 19 9998279
20 20 9998280
1 1 9998281
2 1 9998282
3 1 9998283
4 1 9998284
5 1 9998285
6 1 9998286
7 1 9998287
8 1 9998288
9 1 9998289
10 1 9998290
11 1 9998291
12 1 9998292
13 1 9998293
14 1 9998294
15 1 9998295
16 1 9998296
17 1 9998297
18 1 9998298
19 1 9998299
20 1 9998300
1 1 9998301
2 2 9998302
3 3 9998303
4 4 9998304
5 5 9998305
6 6 9998306
7 7 9998307
8 8 9998308
9 9 9998309
10 10 9998310
11 11 9998311
12 12 9998312
13 13 9998313
14 14 9998314
15 15 9998315
16 16 9998316
17 17 9998317
18 18 9998318
19 19 9998319
20 20 9998320
1 1 9998321
2 1 9998322
3 1 9998323
4 1 9998324
5 1 9998325
6 1 9998326
7 1 9998327
8 1 9998328
9 1 9998329
10 1 9998330
11 1 9998331
12 1 9998332
13 1 9998333
14 1 9998334
15 1 9998335
16 1 9998336
17 1 9998337
18 1 9998338
19 1 9998339
20 1 9998340
1 1 9998341
2 2 9998342
3 3 9998343
4 4 9998344
5 5 9998345
6 6 9998346
7 7 9998347
8 8 9998348
9 9 9998349
10 10 9998350
11 11 9998351
12 12 9998352
13 13 9998353
14 14 9998354
15 15 9998355
16 16 9998356
17 17 9998357
18 18 9998358
19 19 9998359
20 20 9998360
1 1 9998361
2 1 9998362
3 1 9998363
4 1 9998364
5 1 9998365
6 1 9998366
7 1 9998367
8 1 9998368
9 1 9998369
10 1 9998370
11 1 9998371
12 1 9998372
13 1 9998373
14 1 9998374
15 1 9998375
16 1 9998376
17 1 9998377
18 1 9998378
19 1 9998379
20 1 9998380
1 1 9998381
2 2 9998382
3 3 9998383
4 4 9998384
5 5 9998385
6 6 9998386
7 7 9998387
8 8 9998388
9 9 9998389
10 10 9998390
11 11 9998391
12 12 9998392
13 13 9998393
14 14 9998394
15 15 9998395
16 16 9998396
17 17 9998397
18 18 9998398
19 19 9998399
20 20 9998400
1 1 9998401
2 1 9998402
3 1 9998403
4 1 9998404
5 1 9998405
6 1 9998406
7 1 9998407
8 1 9998408
9 1 9998409
10 1 9998410
11 1 9998411
12 1 9998412
13 1 9998413
14 1 9998414
15 1 9998415
16 1 9998416
17 1 9998417
18 1 9998418
19 1 9998419
20 1 9998420
1 1 9998421
2 2 9998422
3 3 9998423
4 4 9998424
5 5 9998425
6 6 9998426
7 7 9998427
8 8 9998428
9 9 9998429
10 10 9998430
11 11 9998431
12 12 9998432
13 13 9998433
14 14 9998434
15 15 9998435
16 16 9998436
17 17 9998437
18 18 9998438
19 19 9998439
20 20 9998440
1 1 9998441
2 1 9998442
3 1 9998443
4 1 9998444
5 1 9998445
6 1 9998446
7 1 9998447
8 1 9998448
9 1 9998449
10 1 9998450
11 1 9998451
12 1 9998452
13 1 9998453
14 1 9998454
15 1 9998455
16 1 9998456
17 1 9998457
18 1 9998458
19 1 9998459
20 1 9998460
1 1 9998461
2 2 9998462
3 3 9998463
4 4 9998464
5 5 9998465
6 6 9998466
7 7 9998467
8 8 9998468
9 9 9998469
10 10 9998470
11 11 9998471
12 12 9998472
13 13 9998473
14 14 9998474
15 15 9998475
16 16 9998476
17 17 9998477
18 18 9998478
19 19 9998479
20 20 9998480
1 1 9998481
2 1 9998482
3 1 9998483
4 1 9998484
5 1 9998485
6 1 9998486
7 1 9998487
8 1 9998488
9 1 9998489
10 1 9998490
11 1 9998491
12 1 9998492
13 1 9998493
14 1 9998494
15 1 9998495
16 1 9998496
17 1 9998497
18 1 9998498
19 1 9998499
20 1 9998500
1 1 9998501
2 2 9998502
3 3 9998503
4 4 9998504
5 5 9998505
6 6 9998506
7 7 9998507
8 8 9998508
9 9 9998509
10 10 9998510
11 11 9998511
12 12 9998512
13 13 9998513
14 14 9998514
15 15 9998515
16 16 9998516
17 17 9998517
18 18 9998518
19 19 9998519
20 20 9998520
1 1 9998521
2 1 9998522
3 1 9998523
4 1 9998524
5 1 9998525
6 1 9998526
7 1 9998527
8 1 9998528
9 1 9998529
10 1 9998530
11 1 9998531
12 1 9998532
13 1 9998533
14 1 9998534
15 1 9998535
16 1 9998536
17 1 9998537
18 1 9998538
19 1 9998539
20 1 9998540
1 1 9998541
2 2 9998542
3 3 9998543
4 4 9998544
5 5 9998545
6 6 9998546
7 7 9998547
8 8 9998548
9 9 9998549
10 10 9998550
11 11 9998551
12 12 9998552
13 13 9998553
14 14 9998554
15 15 9998555
16 16 9998556
17 17 9998557
18 18 9998558
19 19 9998559
20 20 9998560
1 1 9998561
2 1 9998562
3 1 9998563
4 1 9998564
5 1 9998565
6 1 9998566
7 1 9998567
8 1 9998568
9 1 9998569
10 1 9998570
11 1 9998571
12 1 9998572
13 1 9998573
14 1 9998574
15 1 9998575
16 1 9998576
17 1 9998577
18 1 9998578
19 1 9998579
20 1 9998580
1 1 9998581
2 2 9998582
3 3 9998583
4 4 9998584
5 5 9998585
6 6 9998586
7 7 9998587
8 8 9998588
9 9 9998589
10 10 9998590
11 11 9998591
12 12 9998592
13 13 9998593
14 14 9998594
15 15 9998595
16 16 9998596
17 17 9998597
18 18 9998598
19 19 9998599
20 20 9998600
1 1 9998601
2 1 9998602
3 1 9998603
4 1 9998604
5 1 9998605
6 1 9998606
7 1 9998607
8 1 9998608
9 1 9998609
10 1 9998610
11 1 9998611
12 1 9998612
13 1 9998613
14 1 9998614
15 1 9998615
16 1 9998616
17 1 9998617
18 1 9998618
19 1 9998619
20 1 9998620
1 1 9998621
2 2 9998622
3 3 9998623
4 4 9998624
5 5 9998625
6 6 9998626
7 7 9998627
8 8 9998628
9 9 9998629
10 10 9998630
11 11 9998631
12 12 9998632
13 13 9998633
14 14 9998634
15 15 9998635
16 16 9998636
17 17 9998637
18 18 9998638
19 19 9998639
20 20 9998640
1 1 9998641
2 1 9998642
3 1 9998643
4 1 9998644
5 1 9998645
6 1 9998646
7 1 9998647
8 1 9998648
9 1 9998649
10 1 9998650
11 1 9998651
12 1 9998652
13 1 9998653
14 1 9998654
15 1 9998655
16 1 9998656
17 1 9998657
18 1 9998658
19 1 9998659
20 1 9998660
1 1 9998661
2 2 9998662
3 3 9998663
4 4 9998664
5 5 9998665
6 6 9998666
7 7 9998667
8 8 9998668
9 9 9998669
10 10 9998670
11 11 9998671
12 12 9998672
13 13 9998673
14 14 9998674
15 15 9998675
16 16 9998676
17 17 9998677
18 18 9998678
19 19 9998679
20 20 9998680
1 1 9998681
2 1 9998682
3 1 9998683
4 1 9998684
5 1 9998685
6 1 9998686
7 1 9998687
8 1 9998688
9 1 9998689
10 1 9998690
11 1 9998691
12 1 9998692
13 1 9998693
14 1 9998694
15 1 9998695
16 1 9998696
17 1 9998697
18 1 9998698
19 1 9998699
20 1 9998700
1 1 9998701
2 2 9998702
3 3 9998703
4 4 9998704
5 5 9998705
6 6 9998706
7 7 9998707
8 8 9998708
9 9 9998709
10 10 9998710
11 11 9998711
12 12 9998712
13 13 9998713
14 14 9998714
15 15 9998715
16 16 9998716
17 17 9998717
18 18 9998718
19 19 9998719
20 20 9998720
1 1 9998721
2 1 9998722
3 1 9998723
4 1 9998724
5 1 9998725
6 1 9998726
7 1 9998727
8 1 9998728
9 1 9998729
10 1 9998730
11 1 9998731
12 1 9998732
13 1 9998733
14 1 9998734
15 1 9998735
16 1 9998736
17 1 9998737
18 1 9998738
19 1 9998739
20 1 9998740
1 1 9998741
2 2 9998742
3 3 9998743
4 4 9998744
5 5 9998745
6 6 9998746
7 7 9998747
8 8 9998748
9 9 9998749
10 10 9998750
11 11 9998751
12 12 9998752
13 13 9998753
14 14 9998754
15 15 9998755
16 16 9998756
17 17 9998757
18 18 9998758
19 19 9998759
20 20 9998760
1 1 9998761
2 1 9998762
3 1 9998763
4 1 9998764
5 1 9998765
6 1 9998766
7 1 9998767
8 1 9998768
9 1 9998769
10 1 9998770
11 1 9998771
12 1 9998772
13 1 9998773
14 1 9998774
15 1 9998775
16 1 9998776
17 1 9998777
18 1 9998778
19 1 9998779
20 1 9998780
1 1 9998781
2 2 9998782
3 3 9998783
4 4 9998784
5 5 9998785
6 6 9998786
7 7 9998787
8 8 9998788
9 9 9998789
10 10 9998790
11 11 9998791
12 12 9998792
13 13 9998793
14 14 9998794
15 15 9998795
16 16 9998796
17 17 9998797
18 18 9998798
19 19 9998799
20 20 9998800
1 1 9998801
2 1 9998802
3 1 9998803
4 1 9998804
5 1 9998805
6 1 9998806
7 1 9998807
8 1 9998808
9 1 9998809
10 1 9998810
11 1 9998811
12 1 9998812
13 1 9998813
14 1 9998814
15 1 9998815
16 1 9998816
17 1 9998817
18 1 9998818
19 1 9998819
20 1 9998820
1 1 9998821
2 2 9998822
3 3 9998823
4 4 9998824
5 5 9998825
6 6 9998826
7 7 9998827
8 8 9998828
9 9 9998829
10 10 9998830
11 11 9998831
12 12 9998832
13 13 9998833
14 14 9998834
15 15 9998835
16 16 9998836
17 17 9998837
18 18 9998838
19 19 9998839
20 20 9998840
1 1 9998841
2 1 9998842
3 1 9998843
4 1 9998844
5 1 9998845
6 1 9998846
7 1 9998847
8 1 9998848
9 1 9998849
10 1 9998850
11 1 9998851
12 1 9998852
13 1 9998853
14 1 9998854
15 1 9998855
16 1 9998856
17 1 9998857
18 1 9998858
19 1 9998859
20 1 9998860
1 1 9998861
2 2 9998862
3 3 9998863
4 4 9998864
5 5 9998865
6 6 9998866
7 7 9998867
8 8 9998868
9 9 9998869
10 10 9998870
11 11 9998871
12 12 9998872
13 13 9998873
14 14 9998874
15 15 9998875
16 16 9998876
17 17 9998877
18 18 9998878
19 19 9998879
20 20 9998880
1 1 9998881
2 1 9998882
3 1 9998883
4 1 9998884
5 1 9998885
6 1 9998886
7 1 9998887
8 1 9998888
9 1 9998889
10 1 9998890
11 1 9998891
12 1 9998892
13 1 9998893
14 1 9998894
15 1 9998895
16 1 9998896
17 1 9998897
18 1 9998898
19 1 9998899
20 1 9998900
1 1 9998901
2 2 9998902
3 3 9998903
4 4 9998904
5 5 9998905
6 6 9998906
7 7 9998907
8 8 9998908
9 9 9998909
10 10 9998910
11 11 9998911
12 12 9998912
13 13 9998913
14 14 9998914
15 15 9998915
16 16 9998916
17 17 9998917
18 18 9998918
19 19 9998919
20 20 9998920
1 1 9998921
2 1 9998922
3 1 9998923
4 1 9998924
5 1 9998925
6 1 9998926
7 1 9998927
8 1 9998928
9 1 9998929
10 1 9998930
11 1 9998931
12 1 9998932
13 1 9998933
14 1 9998934
15 1 9998935
16 1 9998936
17 1 9998937
18 1 9998938
19 1 9998939
20 1 9998940
1 1 9998941
2 2 9998942
3 3 9998943
4 4 9998944
5 5 9998945
6 6 9998946
7 7 9998947
8 8 9998948
9 9 9998949
10 10 9998950
11 11 9998951
12 12 9998952
13 13 9998953
14 14 9998954
15 15 9998955
16 16 9998956
17 17 9998957
18 18 9998958
19 19 9998959
20 20 9998960
1 1 9998961
2 1 9998962
3 1 9998963
4 1 9998964
5 1 9998965
6 1 9998966
7 1 9998967
8 1 9998968
9 1 9998969
10 1 9998970
11 1 9998971
12 1 9998972
13 1 9998973
14 1 9998974
15 1 9998975
16 1 9998976
17 1 9998977
18 1 9998978
19 1 9998979
20 1 9998980
1 1 9998981
2 2 9998982
3 3 9998983
4 4 9998984
5 5 9998985
6 6 9998986
7 7 9998987
8 8 9998988
9 9 9998989
10 10 9998990
11 11 9998991
12 12 9998992
13 13 9998993
14 14 9998994
15 15 9998995
16 16 9998996
17 17 9998997
18 18 9998998
19 19 9998999
20 20 9999000
1 1 9999001
2 1 9999002
3 1 9999003
4 1 9999004
5 1 9999005
6 1 9999006
7 1 9999007
8 1 9999008
9 1 9999009
10 1 9999010
11 1 9999011
12 1 9999012
13 1 9999013
14 1 9999014
15 1 9999015
16 1 9999016
17 1 9999017
18 1 9999018
19 1 9999019
20 1 9999020
1 1 9999021
2 2 9999022
3 3 9999023
4 4 9999024
5 5 9999025
6 6 9999026
7 7 9999027
8 8 9999028
9 9 9999029
10 10 9999030
11 11 9999031
12 12 9999032
13 13 9999033
14 14 9999034
15 15 9999035
16 16 9999036
17 17 9999037
18 18 9999038
19 19 9999039
20 20 9999040
1 1 9999041
2 1 9999042
3 1 9999043
4 1 9999044
5 1 9999045
6 1 9999046
7 1 9999047
8 1 9999048
9 1 9999049
10 1 9999050
11 1 9999051
12 1 9999052
13 1 9999053
14 1 9999054
15 1 9999055
16 1 9999056
17 1 9999057
18 1 9999058
19 1 9999059
20 1 9999060
1 1 9999061
2 2 9999062
3 3 9999063
4 4 9999064
5 5 9999065
6 6 9999066
7 7 9999067
8 8 9999068
9 9 9999069
10 10 9999070
11 11 9999071
12 12 9999072
13 13 9999073
14 14 9999074
15 15 9999075
16 16 9999076
17 17 9999077
18 18 9999078
19 19 9999079
20 20 9999080
1 1 9999081
2 1 9999082
3 1 9999083
4 1 9999084
5 1 9999085
6 1 9999086
7 1 9999087
8 1 9999088
9 1 9999089
10 1 9999090
11 1 9999091
12 1 9999092
13 1 9999093
14 1 9999094
15 1 9999095
16 1 9999096
17 1 9999097
18 1 9999098
19 1 9999099
20 1 9999100
1 1 9999101
2 2 9999102
3 3 9999103
4 4 9999104
5 5 9999105
6 6 9999106
7 7 9999107
8 8 9999108
9 9 9999109
10 10 9999110
11 11 9999111
12 12 9999112
13 13 9999113
14 14 9999114
15 15 9999115
16 16 9999116
17 17 9999117
18 18 9999118
19 19 9999119
20 20 9999120
1 1 9999121
2 1 9999122
3 1 9999123
4 1 9999124
5 1 9999125
6 1 9999126
7 1 9999127
8 1 9999128
9 1 9999129
10 1 9999130
11 1 9999131
12 1 9999132
13 1 9999133
14 1 9999134
15 1 9999135
16 1 9999136
17 1 9999137
18 1 9999138
19 1 9999139
20 1 9999140
1 1 9999141
2 2 9999142
3 3 9999143
4 4 9999144
5 5 9999145
6 6 9999146
7 7 9999147
8 8 9999148
9 9 9999149
10 10 9999150
11 11 9999151
12 12 9999152
13 13 9999153
14 14 9999154
15 15 9999155
16 16 9999156
17 17 9999157
18 18 9999158
19 19 9999159
20 20 9999160
1 1 9999161
2 1 9999162
3 1 9999163
4 1 9999164
5 1 9999165
6 1 9999166
7 1 9999167
8 1 9999168
9 1 9999169
10 1 9999170
11 1 9999171
12 1 9999172
13 1 9999173
14 1 9999174
15 1 9999175
16 1 9999176
17 1 9999177
18 1 9999178
19 1 9999179
20 1 9999180
1 1 9999181
2 2 9999182
3 3 9999183
4 4 9999184
5 5 9999185
6 6 9999186
7 7 9999187
8 8 9999188
9 9 9999189
10 10 9999190
11 11 9999191
12 12 9999192
13 13 9999193
14 14 9999194
15 15 9999195
16 16 9999196
17 17 9999197
18 18 9999198
19 19 9999199
20 20 9999200
1 1 9999201
2 1 9999202
3 1 9999203
4 1 9999204
5 1 9999205
6 1 9999206
7 1 9999207
8 1 9999208
9 1 9999209
10 1 9999210
11 1 9999211
12 1 9999212
13 1 9999213
14 1 9999214
15 1 9999215
16 1 9999216
17 1 9999217
18 1 9999218
19 1 9999219
20 1 9999220
1 1 9999221
2 2 9999222
3 3 9999223
4 4 9999224
5 5 9999225
6 6 9999226
7 7 9999227
8 8 9999228
9 9 9999229
10 10 9999230
11 11 9999231
12 12 9999232
13 13 9999233
14 14 9999234
15 15 9999235
16 16 9999236
17 17 9999237
18 18 9999238
19 19 9999239
20 20 9999240
1 1 9999241
2 1 9999242
3 1 9999243
4 1 9999244
5 1 9999245
6 1 9999246
7 1 9999247
8 1 9999248
9 1 9999249
10 1 9999250
11 1 9999251
12 1 9999252
13 1 9999253
14 1 9999254
15 1 9999255
16 1 9999256
17 1 9999257
18 1 9999258
19 1 9999259
20 1 9999260
1 1 9999261
2 2 9999262
3 3 9999263
4 4 9999264
5 5 9999265
6 6 9999266
7 7 9999267
8 8 9999268
9 9 9999269
10 10 9999270
11 11 9999271
12 12 9999272
13 13 9999273
14 14 9999274
15 15 9999275
16 16 9999276
17 17 9999277
18 18 9999278
19 19 9999279
20 20 9999280
1 1 9999281
2 1 9999282
3 1 9999283
4 1 9999284
5 1 9999285
6 1 9999286
7 1 9999287
8 1 9999288
9 1 9999289
10 1 9999290
11 1 9999291
12 1 9999292
13 1 9999293
14 1 9999294
15 1 9999295
16 1 9999296
17 1 9999297
18 1 9999298
19 1 9999299
20 1 9999300
1 1 9999301
2 2 9999302
3 3 9999303
4 4 9999304
5 5 9999305
6 6 9999306
7 7 9999307
8 8 9999308
9 9 9999309
10 10 9999310
11 11 9999311
12 12 9999312
13 13 9999313
14 14 9999314
15 15 9999315
16 16 9999316
17 17 9999317
18 18 9999318
19 19 9999319
20 20 9999320
1 1 9999321
2 1 9999322
3 1 9999323
4 1 9999324
5 1 9999325
6 1 9999326
7 1 9999327
8 1 9999328
9 1 9999329
10 1 9999330
11 1 9999331
12 1 9999332
13 1 9999333
14 1 9999334
15 1 9999335
16 1 9999336
17 1 9999337
18 1 9999338
19 1 9999339
20 1 9999340
1 1 9999341
2 2 9999342
3 3 9999343
4 4 9999344
5 5 9999345
6 6 9999346
7 7 9999347
8 8 9999348
9 9 9999349
10 10 9999350
11 11 9999351
12 12 9999352
13 13 9999353
14 14 9999354
15 15 9999355
16 16 9999356
17 17 9999357
18 18 9999358
19 19 9999359
20 20 9999360
1 1 9999361
2 1 9999362
3 1 9999363
4 1 9999364
5 1 9999365
6 1 9999366
7 1 9999367
8 1 9999368
9 1 9999369
10 1 9999370
11 1 9999371
12 1 9999372
13 1 9999373
14 1 9999374
15 1 9999375
16 1 9999376
17 1 9999377
18 1 9999378
19 1 9999379
20 1 9999380
1 1 9999381
2 2 9999382
3 3 9999383
4 4 9999384
5 5 9999385
6 6 9999386
7 7 9999387
8 8 9999388
9 9 9999389
10 10 9999390
11 11 9999391
12 12 9999392
13 13 9999393
14 14 9999394
15 15 9999395
16 16 9999396
17 17 9999397
18 18 9999398
19 19 9999399
20 20 9999400
1 1 9999401
2 1 9999402
3 1 9999403
4 1 9999404
5 1 9999405
6 1 9999406
7 1 9999407
8 1 9999408
9 1 9999409
10 1 9999410
11 1 9999411
12 1 9999412
13 1 9999413
14 1 9999414
15 1 9999415
16 1 9999416
17 1 9999417
18 1 9999418
19 1 9999419
20 1 9999420
1 1 9999421
2 2 9999422
3 3 9999423
4 4 9999424
5 5 9999425
6 6 9999426
7 7 9999427
8 8 9999428
9 9 9999429
10 10 9999430
11 11 9999431
12 12 9999432
13 13 9999433
14 14 9999434
15 15 9999435
16 16 9999436
17 17 9999437
18 18 9999438
19 19 9999439
20 20 9999440
1 1 9999441
2 1 9999442
3 1 9999443
4 1 9999444
5 1 9999445
6 1 9999446
7 1 9999447
8 1 9999448
9 1 9999449
10 1 9999450
11 1 9999451
12 1 9999452
13 1 9999453
14 1 9999454
15 1 9999455
16 1 9999456
17 1 9999457
18 1 9999458
19 1 9999459
20 1 9999460
1 1 9999461
2 2 9999462
3 3 9999463
4 4 9999464
5 5 9999465
6 6 9999466
7 7 9999467
8 8 9999468
9 9 9999469
10 10 9999470
11 11 9999471
12 12 9999472
13 13 9999473
14 14 9999474
15 15 9999475
16 16 9999476
17 17 9999477
18 18 9999478
19 19 9999479
20 20 9999480
1 1 9999481
2 1 9999482
3 1 9999483
4 1 9999484
5 1 9999485
6 1 9999486
7 1 9999487
8 1 9999488
9 1 9999489
10 1 9999490
11 1 9999491
12 1 9999492
13 1 9999493
14 1 9999494
15 1 9999495
16 1 9999496
17 1 9999497
18 1 9999498
19 1 9999499
20 1 9999500
1 1 9999501
2 2 9999502
3 3 9999503
4 4 9999504
5 5 9999505
6 6 9999506
7 7 9999507
8 8 9999508
9 9 9999509
10 10 9999510
11 11 9999511
12 12 9999512
13 13 9999513
14 14 9999514
15 15 9999515
16 16 9999516
17 17 9999517
18 18 9999518
19 19 9999519
20 20 9999520
1 1 9999521
2 1 9999522
3 1 9999523
4 1 9999524
5 1 9999525
6 1 9999526
7 1 9999527
8 1 9999528
9 1 9999529
10 1 9999530
11 1 9999531
12 1 9999532
13 1 9999533
14 1 9999534
15 1 9999535
16 1 9999536
17 1 9999537
18 1 9999538
19 1 9999539
20 1 9999540
1 1 9999541
2 2 9999542
3 3 9999543
4 4 9999544
5 5 9999545
6 6 9999546
7 7 9999547
8 8 9999548
9 9 9999549
10 10 9999550
11 11 9999551
12 12 9999552
13 13 9999553
14 14 9999554
15 15 9999555
16 16 9999556
17 17 9999557
18 18 9999558
19 19 9999559
20 20 9999560
1 1 9999561
2 1 9999562
3 1 9999563
4 1 9999564
5 1 9999565
6 1 9999566
7 1 9999567
8 1 9999568
9 1 9999569
10 1 9999570
11 1 9999571
12 1 9999572
13 1 9999573
14 1 9999574
15 1 9999575
16 1 9999576
17 1 9999577
18 1 9999578
19 1 9999579
20 1 9999580
1 1 9999581
2 2 9999582
3 3 9999583
4 4 9999584
5 5 9999585
6 6 9999586
7 7 9999587
8 8 9999588
9 9 9999589
10 10 9999590
11 11 9999591
12 12 9999592
13 13 9999593
14 14 9999594
15 15 9999595
16 16 9999596
17 17 9999597
18 18 9999598
19 19 9999599
20 20 9999600
1 1 9999601
2 1 9999602
3 1 9999603
4 1 9999604
5 1 9999605
6 1 9999606
7 1 9999607
8 1 9999608
9 1 9999609
10 1 9999610
11 1 9999611
12 1 9999612
13 1 9999613
14 1 9999614
15 1 9999615
16 1 9999616
17 1 9999617
18 1 9999618
19 1 9999619
20 1 9999620
1 1 9999621
2 2 9999622
3 3 9999623
4 4 9999624
5 5 9999625
6 6 9999626
7 7 9999627
8 8 9999628
9 9 9999629
10 10 9999630
11 11 9999631
12 12 9999632
13 13 9999633
14 14 9999634
15 15 9999635
16 16 9999636
17 17 9999637
18 18 9999638
19 19 9999639
20 20 9999640
1 1 9999641
2 1 9999642
3 1 9999643
4 1 9999644
5 1 9999645
6 1 9999646
7 1 9999647
8 1 9999648
9 1 9999649
10 1 9999650
11 1 9999651
12 1 9999652
13 1 9999653
14 1 9999654
15 1 9999655
16 1 9999656
17 1 9999657
18 1 9999658
19 1 9999659
20 1 9999660
1 1 9999661
2 2 9999662
3 3 9999663
4 4 9999664
5 5 9999665
6 6 9999666
7 7 9999667
8 8 9999668
9 9 9999669
10 10 9999670
11 11 9999671
12 12 9999672
13 13 9999673
14 14 9999674
15 15 9999675
16 16 9999676
17 17 9999677
18 18 9999678
19 19 9999679
20 20 9999680
1 1 9999681
2 1 9999682
3 1 9999683
4 1 9999684
5 1 9999685
6 1 9999686
7 1 9999687
8 1 9999688
9 1 9999689
10 1 9999690
11 1 9999691
12 1 9999692
13 1 9999693
14 1 9999694
15 1 9999695
16 1 9999696
17 1 9999697
18 1 9999698
19 1 9999699
20 1 9999700
1 1 9999701
2 2 9999702
3 3 9999703
4 4 9999704
5 5 9999705
6 6 9999706
7 7 9999707
8 8 9999708
9 9 9999709
10 10 9999710
11 11 9999711
12 12 9999712
13 13 9999713
14 14 9999714
15 15 9999715
16 16 9999716
17 17 9999717
18 18 9999718
19 19 9999719
20 20 9999720
1 1 9999721
2 1 9999722
3 1 9999723
4 1 9999724
5 1 9999725
6 1 9999726
7 1 9999727
8 1 9999728
9 1 9999729
10 1 9999730
11 1 9999731
12 1 9999732
13 1 9999733
14 1 9999734
15 1 9999735
16 1 9999736
17 1 9999737
18 1 9999738
19 1 9999739
20 1 9999740
1 1 9999741
2 2 9999742
3 3 9999743
4 4 9999744
5 5 9999745
6 6 9999746
7 7 9999747
8 8 9999748
9 9 9999749
10 10 9999750
11 11 9999751
12 12 9999752
13 13 9999753
14 14 9999754
15 15 9999755
16 16 9999756
17 17 9999757
18 18 9999758
19 19 9999759
20 20 9999760
1 1 9999761
2 1 9999762
3 1 9999763
4 1 9999764
5 1 9999765
6 1 9999766
7 1 9999767
8 1 9999768
9 1 9999769
10 1 9999770
11 1 9999771
12 1 9999772
13 1 9999773
14 1 9999774
15 1 9999775
16 1 9999776
17 1 9999777
18 1 9999778
19 1 9999779
20 1 9999780
1 1 9999781
2 2 9999782
3 3 9999783
4 4 9999784
5 5 9999785
6 6 9999786
7 7 9999787
8 8 9999788
9 9 9999789
10 10 9999790
11 11 9999791
12 12 9999792
13 13 9999793
14 14 9999794
15 15 9999795
16 16 9999796
17 17 9999797
18 18 9999798
19 19 9999799
20 20 9999800
1 1 9999801
2 1 9999802
3 1 9999803
4 1 9999804
5 1 9999805
6 1 9999806
7 1 9999807
8 1 9999808
9 1 9999809
10 1 9999810
11 1 9999811
12 1 9999812
13 1 9999813
14 1 9999814
15 1 9999815
16 1 9999816
17 1 9999817
18 1 9999818
19 1 9999819
20 1 9999820
1 1 9999821
2 2 9999822
3 3 9999823
4 4 9999824
5 5 9999825
6 6 9999826
7 7 9999827
8 8 9999828
9 9 9999829
10 10 9999830
11 11 9999831
12 12 9999832
13 13 9999833
14 14 9999834
15 15 9999835
16 16 9999836
17 17 9999837
18 18 9999838
19 19 9999839
20 20 9999840
1 1 9999841
2 1 9999842
3 1 9999843
4 1 9999844
5 1 9999845
6 1 9999846
7 1 9999847
8 1 9999848
9 1 9999849
10 1 9999850
11 1 9999851
12 1 9999852
13 1 9999853
14 1 9999854
15 1 9999855
16 1 9999856
17 1 9999857
18 1 9999858
19 1 9999859
20 1 9999860
1 1 9999861
2 2 9999862
3 3 9999863
4 4 9999864
5 5 9999865
6 6 9999866
7 7 9999867
8 8 9999868
9 9 9999869
10 10 9999870
11 11 9999871
12 12 9999872
13 13 9999873
14 14 9999874
15 15 9999875
16 16 9999876
17 17 9999877
18 18 9999878
19 19 9999879
20 20 9999880
1 1 9999881
2 1 9999882
3 1 9999883
4 1 9999884
5 1 9999885
6 1 9999886
7 1 9999887
8 1 9999888
9 1 9999889
10 1 9999890
11 1 9999891
12 1 9999892
13 1 9999893
14 1 9999894
15 1 9999895
16 1 9999896
17 1 9999897
18 1 9999898
19 1 9999899
20 1 9999900
1 1 9999901
2 2 9999902
3 3 9999903
4 4 9999904
5 5 9999905
6 6 9999906
7 7 9999907
8 8 9999908
9 9 9999909
10 10 9999910
11 11 9999911
12 12 9999912
13 13 9999913
14 14 9999914
15 15 9999915
16 16 9999916
17 17 9999917
18 18 9999918
19 19 9999919
20 20 9999920
1 1 9999921
2 1 9999922
3 1 9999923
4 1 9999924
5 1 9999925
6 1 9999926
7 1 9999927
8 1 9999928
9 1 9999929
10 1 9999930
11 1 9999931
12 1 9999932
13 1 9999933
14 1 9999934
15 1 9999935
16 1 9999936
17 1 9999937
18 1 9999938
19 1 9999939
20 1 9999940
1 1 9999941
2 2 9999942
3 3 9999943
4 4 9999944
5 5 9999945
6 6 9999946
7 7 9999947
8 8 9999948
9 9 9999949
10 10 9999950
11 11 9999951
12 12 9999952
13 13 9999953
14 14 9999954
15 15 9999955
16 16 9999956
17 17 9999957
18 18 9999958
19 19 9999959
20 20 9999960
1 1 9999961
2 1 9999962
3 1 9999963
4 1 9999964
5 1 9999965
6 1 9999966
7 1 9999967
8 1 9999968
9 1 9999969
10 1 9999970
11 1 9999971
12 1 9999972
13 1 9999973
14 1 9999974
15 1 9999975
16 1 9999976
17 1 9999977
18 1 9999978
19 1 9999979
20 1 9999980
1 1 9999981
2 2 9999982
3 3 9999983
4 4 9999984
5 5 9999985
6 6 9999986
7 7 9999987
8 8 9999988
9 9 9999989
10 10 9999990
11 11 9999991
12 12 9999992
13 13 9999993
14 14 9999994
15 15 9999995
16 16 9999996
17 17 9999997
18 18 9999998
19 19 9999999
20 20 10000000
