20 20 5000
9994601 9994602 9994603 9994604 9994605 9994606 9994607 9994608 9994609 9994610 9994611 9994612 9994613 9994614 9994615 9994616 9994617 9994618 9994619 9994620
9994621 9994622 9994623 9994624 9994625 9994626 9994627 9994628 9994629 9994630 9994631 9994632 9994633 9994634 9994635 9994636 9994637 9994638 9994639 9994640
9994641 9994642 9994643 9994644 9994645 9994646 9994647 9994648 9994649 9994650 9994651 9994652 9994653 9994654 9994655 9994656 9994657 9994658 9994659 9994660
9994661 9994662 9994663 9994664 9994665 9994666 9994667 9994668 9994669 9994670 9994671 9994672 9994673 9994674 9994675 9994676 9994677 9994678 9994679 9994680
9994681 9994682 9994683 9994684 9994685 9994686 9994687 9994688 9994689 9994690 9994691 9994692 9994693 9994694 9994695 9994696 9994697 9994698 9994699 9994700
9994701 9994702 9994703 9994704 9994705 9994706 9994707 9994708 9994709 9994710 9994711 9994712 9994713 9994714 9994715 9994716 9994717 9994718 9994719 9994720
9994721 9994722 9994723 9994724 9994725 9994726 9994727 9994728 9994729 9994730 9994731 9994732 9994733 9994734 9994735 9994736 9994737 9994738 9994739 9994740
9994741 9994742 9994743 9994744 9994745 9994746 9994747 9994748 9994749 9994750 9994751 9994752 9994753 9994754 9994755 9994756 9994757 9994758 9994759 9994760
9994761 9994762 9994763 9994764 9994765 9994766 9994767 9994768 9994769 9994770 9994771 9994772 9994773 9994774 9994775 9994776 9994777 9994778 9994779 9994780
9994781 9994782 9994783 9994784 9994785 9994786 9994787 9994788 9994789 9994790 9994791 9994792 9994793 9994794 9994795 9994796 9994797 9994798 9994799 9994800
9994801 9994802 9994803 9994804 9994805 9994806 9994807 9994808 9994809 9994810 9994811 9994812 9994813 9994814 9994815 9994816 9994817 9994818 9994819 9994820
9994821 9994822 9994823 9994824 9994825 9994826 9994827 9994828 9994829 9994830 9994831 9994832 9994833 9994834 9994835 9994836 9994837 9994838 9994839 9994840
9994841 9994842 9994843 9994844 9994845 9994846 9994847 9994848 9994849 9994850 9994851 9994852 9994853 9994854 9994855 9994856 9994857 9994858 9994859 9994860
9994861 9994862 9994863 9994864 9994865 9994866 9994867 9994868 9994869 9994870 9994871 9994872 9994873 9994874 9994875 9994876 9994877 9994878 9994879 9994880
9994881 9994882 9994883 9994884 9994885 9994886 9994887 9994888 9994889 9994890 9994891 9994892 9994893 9994894 9994895 9994896 9994897 9994898 9994899 9994900
9994901 9994902 9994903 9994904 9994905 9994906 9994907 9994908 9994909 9994910 9994911 9994912 9994913 9994914 9994915 9994916 9994917 9994918 9994919 9994920
9994921 9994922 9994923 9994924 9994925 9994926 9994927 9994928 9994929 9994930 9994931 9994932 9994933 9994934 9994935 9994936 9994937 9994938 9994939 9994940
9994941 9994942 9994943 9994944 9994945 9994946 9994947 9994948 9994949 9994950 9994951 9994952 9994953 9994954 9994955 9994956 9994957 9994958 9994959 9994960
9994961 9994962 9994963 9994964 9994965 9994966 9994967 9994968 9994969 9994970 9994971 9994972 9994973 9994974 9994975 9994976 9994977 9994978 9994979 9994980
9994981 9994982 9994983 9994984 9994985 9994986 9994987 9994988 9994989 9994990 9994991 9994992 9994993 9994994 9994995 9994996 9994997 9994998 9994999 9995000
1 1 9995001
1 2 9995002
1 3 9995003
1 4 9995004
1 5 9995005
1 6 9995006
1 7 9995007
1 8 9995008
1 9 9995009
1 10 9995010
1 11 9995011
1 12 9995012
1 13 9995013
1 14 9995014
1 15 9995015
1 16 9995016
1 17 9995017
1 18 9995018
1 19 9995019
1 20 9995020
1 1 9995021
2 2 9995022
3 3 9995023
4 4 9995024
5 5 9995025
6 6 9995026
7 7 9995027
8 8 9995028
9 9 9995029
10 10 9995030
11 11 9995031
12 12 9995032
13 13 9995033
14 14 9995034
15 15 9995035
16 16 9995036
17 17 9995037
18 18 9995038
19 19 9995039
20 20 9995040
1 1 9995041
1 2 9995042
1 3 9995043
1 4 9995044
1 5 9995045
1 6 9995046
1 7 9995047
1 8 9995048
1 9 9995049
1 10 9995050
1 11 9995051
1 12 9995052
1 13 9995053
1 14 9995054
1 15 9995055
1 16 9995056
1 17 9995057
1 18 9995058
1 19 9995059
1 20 9995060
1 1 9995061
2 2 9995062
3 3 9995063
4 4 9995064
5 5 9995065
6 6 9995066
7 7 9995067
8 8 9995068
9 9 9995069
10 10 9995070
11 11 9995071
12 12 9995072
13 13 9995073
14 14 9995074
15 15 9995075
16 16 9995076
17 17 9995077
18 18 9995078
19 19 9995079
20 20 9995080
1 1 9995081
1 2 9995082
1 3 9995083
1 4 9995084
1 5 9995085
1 6 9995086
1 7 9995087
1 8 9995088
1 9 9995089
1 10 9995090
1 11 9995091
1 12 9995092
1 13 9995093
1 14 9995094
1 15 9995095
1 16 9995096
1 17 9995097
1 18 9995098
1 19 9995099
1 20 9995100
1 1 9995101
2 2 9995102
3 3 9995103
4 4 9995104
5 5 9995105
6 6 9995106
7 7 9995107
8 8 9995108
9 9 9995109
10 10 9995110
11 11 9995111
12 12 9995112
13 13 9995113
14 14 9995114
15 15 9995115
16 16 9995116
17 17 9995117
18 18 9995118
19 19 9995119
20 20 9995120
1 1 9995121
1 2 9995122
1 3 9995123
1 4 9995124
1 5 9995125
1 6 9995126
1 7 9995127
1 8 9995128
1 9 9995129
1 10 9995130
1 11 9995131
1 12 9995132
1 13 9995133
1 14 9995134
1 15 9995135
1 16 9995136
1 17 9995137
1 18 9995138
1 19 9995139
1 20 9995140
1 1 9995141
2 2 9995142
3 3 9995143
4 4 9995144
5 5 9995145
6 6 9995146
7 7 9995147
8 8 9995148
9 9 9995149
10 10 9995150
11 11 9995151
12 12 9995152
13 13 9995153
14 14 9995154
15 15 9995155
16 16 9995156
17 17 9995157
18 18 9995158
19 19 9995159
20 20 9995160
1 1 9995161
1 2 9995162
1 3 9995163
1 4 9995164
1 5 9995165
1 6 9995166
1 7 9995167
1 8 9995168
1 9 9995169
1 10 9995170
1 11 9995171
1 12 9995172
1 13 9995173
1 14 9995174
1 15 9995175
1 16 9995176
1 17 9995177
1 18 9995178
1 19 9995179
1 20 9995180
1 1 9995181
2 2 9995182
3 3 9995183
4 4 9995184
5 5 9995185
6 6 9995186
7 7 9995187
8 8 9995188
9 9 9995189
10 10 9995190
11 11 9995191
12 12 9995192
13 13 9995193
14 14 9995194
15 15 9995195
16 16 9995196
17 17 9995197
18 18 9995198
19 19 9995199
20 20 9995200
1 1 9995201
1 2 9995202
1 3 9995203
1 4 9995204
1 5 9995205
1 6 9995206
1 7 9995207
1 8 9995208
1 9 9995209
1 10 9995210
1 11 9995211
1 12 9995212
1 13 9995213
1 14 9995214
1 15 9995215
1 16 9995216
1 17 9995217
1 18 9995218
1 19 9995219
1 20 9995220
1 1 9995221
2 2 9995222
3 3 9995223
4 4 9995224
5 5 9995225
6 6 9995226
7 7 9995227
8 8 9995228
9 9 9995229
10 10 9995230
11 11 9995231
12 12 9995232
13 13 9995233
14 14 9995234
15 15 9995235
16 16 9995236
17 17 9995237
18 18 9995238
19 19 9995239
20 20 9995240
1 1 9995241
1 2 9995242
1 3 9995243
1 4 9995244
1 5 9995245
1 6 9995246
1 7 9995247
1 8 9995248
1 9 9995249
1 10 9995250
1 11 9995251
1 12 9995252
1 13 9995253
1 14 9995254
1 15 9995255
1 16 9995256
1 17 9995257
1 18 9995258
1 19 9995259
1 20 9995260
1 1 9995261
2 2 9995262
3 3 9995263
4 4 9995264
5 5 9995265
6 6 9995266
7 7 9995267
8 8 9995268
9 9 9995269
10 10 9995270
11 11 9995271
12 12 9995272
13 13 9995273
14 14 9995274
15 15 9995275
16 16 9995276
17 17 9995277
18 18 9995278
19 19 9995279
20 20 9995280
1 1 9995281
1 2 9995282
1 3 9995283
1 4 9995284
1 5 9995285
1 6 9995286
1 7 9995287
1 8 9995288
1 9 9995289
1 10 9995290
1 11 9995291
1 12 9995292
1 13 9995293
1 14 9995294
1 15 9995295
1 16 9995296
1 17 9995297
1 18 9995298
1 19 9995299
1 20 9995300
1 1 9995301
2 2 9995302
3 3 9995303
4 4 9995304
5 5 9995305
6 6 9995306
7 7 9995307
8 8 9995308
9 9 9995309
10 10 9995310
11 11 9995311
12 12 9995312
13 13 9995313
14 14 9995314
15 15 9995315
16 16 9995316
17 17 9995317
18 18 9995318
19 19 9995319
20 20 9995320
1 1 9995321
1 2 9995322
1 3 9995323
1 4 9995324
1 5 9995325
1 6 9995326
1 7 9995327
1 8 9995328
1 9 9995329
1 10 9995330
1 11 9995331
1 12 9995332
1 13 9995333
1 14 9995334
1 15 9995335
1 16 9995336
1 17 9995337
1 18 9995338
1 19 9995339
1 20 9995340
1 1 9995341
2 2 9995342
3 3 9995343
4 4 9995344
5 5 9995345
6 6 9995346
7 7 9995347
8 8 9995348
9 9 9995349
10 10 9995350
11 11 9995351
12 12 9995352
13 13 9995353
14 14 9995354
15 15 9995355
16 16 9995356
17 17 9995357
18 18 9995358
19 19 9995359
20 20 9995360
1 1 9995361
1 2 9995362
1 3 9995363
1 4 9995364
1 5 9995365
1 6 9995366
1 7 9995367
1 8 9995368
1 9 9995369
1 10 9995370
1 11 9995371
1 12 9995372
1 13 9995373
1 14 9995374
1 15 9995375
1 16 9995376
1 17 9995377
1 18 9995378
1 19 9995379
1 20 9995380
1 1 9995381
2 2 9995382
3 3 9995383
4 4 9995384
5 5 9995385
6 6 9995386
7 7 9995387
8 8 9995388
9 9 9995389
10 10 9995390
11 11 9995391
12 12 9995392
13 13 9995393
14 14 9995394
15 15 9995395
16 16 9995396
17 17 9995397
18 18 9995398
19 19 9995399
20 20 9995400
1 1 9995401
1 2 9995402
1 3 9995403
1 4 9995404
1 5 9995405
1 6 9995406
1 7 9995407
1 8 9995408
1 9 9995409
1 10 9995410
1 11 9995411
1 12 9995412
1 13 9995413
1 14 9995414
1 15 9995415
1 16 9995416
1 17 9995417
1 18 9995418
1 19 9995419
1 20 9995420
1 1 9995421
2 2 9995422
3 3 9995423
4 4 9995424
5 5 9995425
6 6 9995426
7 7 9995427
8 8 9995428
9 9 9995429
10 10 9995430
11 11 9995431
12 12 9995432
13 13 9995433
14 14 9995434
15 15 9995435
16 16 9995436
17 17 9995437
18 18 9995438
19 19 9995439
20 20 9995440
1 1 9995441
1 2 9995442
1 3 9995443
1 4 9995444
1 5 9995445
1 6 9995446
1 7 9995447
1 8 9995448
1 9 9995449
1 10 9995450
1 11 9995451
1 12 9995452
1 13 9995453
1 14 9995454
1 15 9995455
1 16 9995456
1 17 9995457
1 18 9995458
1 19 9995459
1 20 9995460
1 1 9995461
2 2 9995462
3 3 9995463
4 4 9995464
5 5 9995465
6 6 9995466
7 7 9995467
8 8 9995468
9 9 9995469
10 10 9995470
11 11 9995471
12 12 9995472
13 13 9995473
14 14 9995474
15 15 9995475
16 16 9995476
17 17 9995477
18 18 9995478
19 19 9995479
20 20 9995480
1 1 9995481
1 2 9995482
1 3 9995483
1 4 9995484
1 5 9995485
1 6 9995486
1 7 9995487
1 8 9995488
1 9 9995489
1 10 9995490
1 11 9995491
1 12 9995492
1 13 9995493
1 14 9995494
1 15 9995495
1 16 9995496
1 17 9995497
1 18 9995498
1 19 9995499
1 20 9995500
1 1 9995501
2 2 9995502
3 3 9995503
4 4 9995504
5 5 9995505
6 6 9995506
7 7 9995507
8 8 9995508
9 9 9995509
10 10 9995510
11 11 9995511
12 12 9995512
13 13 9995513
14 14 9995514
15 15 9995515
16 16 9995516
17 17 9995517
18 18 9995518
19 19 9995519
20 20 9995520
1 1 9995521
1 2 9995522
1 3 9995523
1 4 9995524
1 5 9995525
1 6 9995526
1 7 9995527
1 8 9995528
1 9 9995529
1 10 9995530
1 11 9995531
1 12 9995532
1 13 9995533
1 14 9995534
1 15 9995535
1 16 9995536
1 17 9995537
1 18 9995538
1 19 9995539
1 20 9995540
1 1 9995541
2 2 9995542
3 3 9995543
4 4 9995544
5 5 9995545
6 6 9995546
7 7 9995547
8 8 9995548
9 9 9995549
10 10 9995550
11 11 9995551
12 12 9995552
13 13 9995553
14 14 9995554
15 15 9995555
16 16 9995556
17 17 9995557
18 18 9995558
19 19 9995559
20 20 9995560
1 1 9995561
1 2 9995562
1 3 9995563
1 4 9995564
1 5 9995565
1 6 9995566
1 7 9995567
1 8 9995568
1 9 9995569
1 10 9995570
1 11 9995571
1 12 9995572
1 13 9995573
1 14 9995574
1 15 9995575
1 16 9995576
1 17 9995577
1 18 9995578
1 19 9995579
1 20 9995580
1 1 9995581
2 2 9995582
3 3 9995583
4 4 9995584
5 5 9995585
6 6 9995586
7 7 9995587
8 8 9995588
9 9 9995589
10 10 9995590
11 11 9995591
12 12 9995592
13 13 9995593
14 14 9995594
15 15 9995595
16 16 9995596
17 17 9995597
18 18 9995598
19 19 9995599
20 20 9995600
1 1 9995601
1 2 9995602
1 3 9995603
1 4 9995604
1 5 9995605
1 6 9995606
1 7 9995607
1 8 9995608
1 9 9995609
1 10 9995610
1 11 9995611
1 12 9995612
1 13 9995613
1 14 9995614
1 15 9995615
1 16 9995616
1 17 9995617
1 18 9995618
1 19 9995619
1 20 9995620
1 1 9995621
2 2 9995622
3 3 9995623
4 4 9995624
5 5 9995625
6 6 9995626
7 7 9995627
8 8 9995628
9 9 9995629
10 10 9995630
11 11 9995631
12 12 9995632
13 13 9995633
14 14 9995634
15 15 9995635
16 16 9995636
17 17 9995637
18 18 9995638
19 19 9995639
20 20 9995640
1 1 9995641
1 2 9995642
1 3 9995643
1 4 9995644
1 5 9995645
1 6 9995646
1 7 9995647
1 8 9995648
1 9 9995649
1 10 9995650
1 11 9995651
1 12 9995652
1 13 9995653
1 14 9995654
1 15 9995655
1 16 9995656
1 17 9995657
1 18 9995658
1 19 9995659
1 20 9995660
1 1 9995661
2 2 9995662
3 3 9995663
4 4 9995664
5 5 9995665
6 6 9995666
7 7 9995667
8 8 9995668
9 9 9995669
10 10 9995670
11 11 9995671
12 12 9995672
13 13 9995673
14 14 9995674
15 15 9995675
16 16 9995676
17 17 9995677
18 18 9995678
19 19 9995679
20 20 9995680
1 1 9995681
1 2 9995682
1 3 9995683
1 4 9995684
1 5 9995685
1 6 9995686
1 7 9995687
1 8 9995688
1 9 9995689
1 10 9995690
1 11 9995691
1 12 9995692
1 13 9995693
1 14 9995694
1 15 9995695
1 16 9995696
1 17 9995697
1 18 9995698
1 19 9995699
1 20 9995700
1 1 9995701
2 2 9995702
3 3 9995703
4 4 9995704
5 5 9995705
6 6 9995706
7 7 9995707
8 8 9995708
9 9 9995709
10 10 9995710
11 11 9995711
12 12 9995712
13 13 9995713
14 14 9995714
15 15 9995715
16 16 9995716
17 17 9995717
18 18 9995718
19 19 9995719
20 20 9995720
1 1 9995721
1 2 9995722
1 3 9995723
1 4 9995724
1 5 9995725
1 6 9995726
1 7 9995727
1 8 9995728
1 9 9995729
1 10 9995730
1 11 9995731
1 12 9995732
1 13 9995733
1 14 9995734
1 15 9995735
1 16 9995736
1 17 9995737
1 18 9995738
1 19 9995739
1 20 9995740
1 1 9995741
2 2 9995742
3 3 9995743
4 4 9995744
5 5 9995745
6 6 9995746
7 7 9995747
8 8 9995748
9 9 9995749
10 10 9995750
11 11 9995751
12 12 9995752
13 13 9995753
14 14 9995754
15 15 9995755
16 16 9995756
17 17 9995757
18 18 9995758
19 19 9995759
20 20 9995760
1 1 9995761
1 2 9995762
1 3 9995763
1 4 9995764
1 5 9995765
1 6 9995766
1 7 9995767
1 8 9995768
1 9 9995769
1 10 9995770
1 11 9995771
1 12 9995772
1 13 9995773
1 14 9995774
1 15 9995775
1 16 9995776
1 17 9995777
1 18 9995778
1 19 9995779
1 20 9995780
1 1 9995781
2 2 9995782
3 3 9995783
4 4 9995784
5 5 9995785
6 6 9995786
7 7 9995787
8 8 9995788
9 9 9995789
10 10 9995790
11 11 9995791
12 12 9995792
13 13 9995793
14 14 9995794
15 15 9995795
16 16 9995796
17 17 9995797
18 18 9995798
19 19 9995799
20 20 9995800
1 1 9995801
1 2 9995802
1 3 9995803
1 4 9995804
1 5 9995805
1 6 9995806
1 7 9995807
1 8 9995808
1 9 9995809
1 10 9995810
1 11 9995811
1 12 9995812
1 13 9995813
1 14 9995814
1 15 9995815
1 16 9995816
1 17 9995817
1 18 9995818
1 19 9995819
1 20 9995820
1 1 9995821
2 2 9995822
3 3 9995823
4 4 9995824
5 5 9995825
6 6 9995826
7 7 9995827
8 8 9995828
9 9 9995829
10 10 9995830
11 11 9995831
12 12 9995832
13 13 9995833
14 14 9995834
15 15 9995835
16 16 9995836
17 17 9995837
18 18 9995838
19 19 9995839
20 20 9995840
1 1 9995841
1 2 9995842
1 3 9995843
1 4 9995844
1 5 9995845
1 6 9995846
1 7 9995847
1 8 9995848
1 9 9995849
1 10 9995850
1 11 9995851
1 12 9995852
1 13 9995853
1 14 9995854
1 15 9995855
1 16 9995856
1 17 9995857
1 18 9995858
1 19 9995859
1 20 9995860
1 1 9995861
2 2 9995862
3 3 9995863
4 4 9995864
5 5 9995865
6 6 9995866
7 7 9995867
8 8 9995868
9 9 9995869
10 10 9995870
11 11 9995871
12 12 9995872
13 13 9995873
14 14 9995874
15 15 9995875
16 16 9995876
17 17 9995877
18 18 9995878
19 19 9995879
20 20 9995880
1 1 9995881
1 2 9995882
1 3 9995883
1 4 9995884
1 5 9995885
1 6 9995886
1 7 9995887
1 8 9995888
1 9 9995889
1 10 9995890
1 11 9995891
1 12 9995892
1 13 9995893
1 14 9995894
1 15 9995895
1 16 9995896
1 17 9995897
1 18 9995898
1 19 9995899
1 20 9995900
1 1 9995901
2 2 9995902
3 3 9995903
4 4 9995904
5 5 9995905
6 6 9995906
7 7 9995907
8 8 9995908
9 9 9995909
10 10 9995910
11 11 9995911
12 12 9995912
13 13 9995913
14 14 9995914
15 15 9995915
16 16 9995916
17 17 9995917
18 18 9995918
19 19 9995919
20 20 9995920
1 1 9995921
1 2 9995922
1 3 9995923
1 4 9995924
1 5 9995925
1 6 9995926
1 7 9995927
1 8 9995928
1 9 9995929
1 10 9995930
1 11 9995931
1 12 9995932
1 13 9995933
1 14 9995934
1 15 9995935
1 16 9995936
1 17 9995937
1 18 9995938
1 19 9995939
1 20 9995940
1 1 9995941
2 2 9995942
3 3 9995943
4 4 9995944
5 5 9995945
6 6 9995946
7 7 9995947
8 8 9995948
9 9 9995949
10 10 9995950
11 11 9995951
12 12 9995952
13 13 9995953
14 14 9995954
15 15 9995955
16 16 9995956
17 17 9995957
18 18 9995958
19 19 9995959
20 20 9995960
1 1 9995961
1 2 9995962
1 3 9995963
1 4 9995964
1 5 9995965
1 6 9995966
1 7 9995967
1 8 9995968
1 9 9995969
1 10 9995970
1 11 9995971
1 12 9995972
1 13 9995973
1 14 9995974
1 15 9995975
1 16 9995976
1 17 9995977
1 18 9995978
1 19 9995979
1 20 9995980
1 1 9995981
2 2 9995982
3 3 9995983
4 4 9995984
5 5 9995985
6 6 9995986
7 7 9995987
8 8 9995988
9 9 9995989
10 10 9995990
11 11 9995991
12 12 9995992
13 13 9995993
14 14 9995994
15 15 9995995
16 16 9995996
17 17 9995997
18 18 9995998
19 19 9995999
20 20 9996000
1 1 9996001
1 2 9996002
1 3 9996003
1 4 9996004
1 5 9996005
1 6 9996006
1 7 9996007
1 8 9996008
1 9 9996009
1 10 9996010
1 11 9996011
1 12 9996012
1 13 9996013
1 14 9996014
1 15 9996015
1 16 9996016
1 17 9996017
1 18 9996018
1 19 9996019
1 20 9996020
1 1 9996021
2 2 9996022
3 3 9996023
4 4 9996024
5 5 9996025
6 6 9996026
7 7 9996027
8 8 9996028
9 9 9996029
10 10 9996030
11 11 9996031
12 12 9996032
13 13 9996033
14 14 9996034
15 15 9996035
16 16 9996036
17 17 9996037
18 18 9996038
19 19 9996039
20 20 9996040
1 1 9996041
1 2 9996042
1 3 9996043
1 4 9996044
1 5 9996045
1 6 9996046
1 7 9996047
1 8 9996048
1 9 9996049
1 10 9996050
1 11 9996051
1 12 9996052
1 13 9996053
1 14 9996054
1 15 9996055
1 16 9996056
1 17 9996057
1 18 9996058
1 19 9996059
1 20 9996060
1 1 9996061
2 2 9996062
3 3 9996063
4 4 9996064
5 5 9996065
6 6 9996066
7 7 9996067
8 8 9996068
9 9 9996069
10 10 9996070
11 11 9996071
12 12 9996072
13 13 9996073
14 14 9996074
15 15 9996075
16 16 9996076
17 17 9996077
18 18 9996078
19 19 9996079
20 20 9996080
1 1 9996081
1 2 9996082
1 3 9996083
1 4 9996084
1 5 9996085
1 6 9996086
1 7 9996087
1 8 9996088
1 9 9996089
1 10 9996090
1 11 9996091
1 12 9996092
1 13 9996093
1 14 9996094
1 15 9996095
1 16 9996096
1 17 9996097
1 18 9996098
1 19 9996099
1 20 9996100
1 1 9996101
2 2 9996102
3 3 9996103
4 4 9996104
5 5 9996105
6 6 9996106
7 7 9996107
8 8 9996108
9 9 9996109
10 10 9996110
11 11 9996111
12 12 9996112
13 13 9996113
14 14 9996114
15 15 9996115
16 16 9996116
17 17 9996117
18 18 9996118
19 19 9996119
20 20 9996120
1 1 9996121
1 2 9996122
1 3 9996123
1 4 9996124
1 5 9996125
1 6 9996126
1 7 9996127
1 8 9996128
1 9 9996129
1 10 9996130
1 11 9996131
1 12 9996132
1 13 9996133
1 14 9996134
1 15 9996135
1 16 9996136
1 17 9996137
1 18 9996138
1 19 9996139
1 20 9996140
1 1 9996141
2 2 9996142
3 3 9996143
4 4 9996144
5 5 9996145
6 6 9996146
7 7 9996147
8 8 9996148
9 9 9996149
10 10 9996150
11 11 9996151
12 12 9996152
13 13 9996153
14 14 9996154
15 15 9996155
16 16 9996156
17 17 9996157
18 18 9996158
19 19 9996159
20 20 9996160
1 1 9996161
1 2 9996162
1 3 9996163
1 4 9996164
1 5 9996165
1 6 9996166
1 7 9996167
1 8 9996168
1 9 9996169
1 10 9996170
1 11 9996171
1 12 9996172
1 13 9996173
1 14 9996174
1 15 9996175
1 16 9996176
1 17 9996177
1 18 9996178
1 19 9996179
1 20 9996180
1 1 9996181
2 2 9996182
3 3 9996183
4 4 9996184
5 5 9996185
6 6 9996186
7 7 9996187
8 8 9996188
9 9 9996189
10 10 9996190
11 11 9996191
12 12 9996192
13 13 9996193
14 14 9996194
15 15 9996195
16 16 9996196
17 17 9996197
18 18 9996198
19 19 9996199
20 20 9996200
1 1 9996201
1 2 9996202
1 3 9996203
1 4 9996204
1 5 9996205
1 6 9996206
1 7 9996207
1 8 9996208
1 9 9996209
1 10 9996210
1 11 9996211
1 12 9996212
1 13 9996213
1 14 9996214
1 15 9996215
1 16 9996216
1 17 9996217
1 18 9996218
1 19 9996219
1 20 9996220
1 1 9996221
2 2 9996222
3 3 9996223
4 4 9996224
5 5 9996225
6 6 9996226
7 7 9996227
8 8 9996228
9 9 9996229
10 10 9996230
11 11 9996231
12 12 9996232
13 13 9996233
14 14 9996234
15 15 9996235
16 16 9996236
17 17 9996237
18 18 9996238
19 19 9996239
20 20 9996240
1 1 9996241
1 2 9996242
1 3 9996243
1 4 9996244
1 5 9996245
1 6 9996246
1 7 9996247
1 8 9996248
1 9 9996249
1 10 9996250
1 11 9996251
1 12 9996252
1 13 9996253
1 14 9996254
1 15 9996255
1 16 9996256
1 17 9996257
1 18 9996258
1 19 9996259
1 20 9996260
1 1 9996261
2 2 9996262
3 3 9996263
4 4 9996264
5 5 9996265
6 6 9996266
7 7 9996267
8 8 9996268
9 9 9996269
10 10 9996270
11 11 9996271
12 12 9996272
13 13 9996273
14 14 9996274
15 15 9996275
16 16 9996276
17 17 9996277
18 18 9996278
19 19 9996279
20 20 9996280
1 1 9996281
1 2 9996282
1 3 9996283
1 4 9996284
1 5 9996285
1 6 9996286
1 7 9996287
1 8 9996288
1 9 9996289
1 10 9996290
1 11 9996291
1 12 9996292
1 13 9996293
1 14 9996294
1 15 9996295
1 16 9996296
1 17 9996297
1 18 9996298
1 19 9996299
1 20 9996300
1 1 9996301
2 2 9996302
3 3 9996303
4 4 9996304
5 5 9996305
6 6 9996306
7 7 9996307
8 8 9996308
9 9 9996309
10 10 9996310
11 11 9996311
12 12 9996312
13 13 9996313
14 14 9996314
15 15 9996315
16 16 9996316
17 17 9996317
18 18 9996318
19 19 9996319
20 20 9996320
1 1 9996321
1 2 9996322
1 3 9996323
1 4 9996324
1 5 9996325
1 6 9996326
1 7 9996327
1 8 9996328
1 9 9996329
1 10 9996330
1 11 9996331
1 12 9996332
1 13 9996333
1 14 9996334
1 15 9996335
1 16 9996336
1 17 9996337
1 18 9996338
1 19 9996339
1 20 9996340
1 1 9996341
2 2 9996342
3 3 9996343
4 4 9996344
5 5 9996345
6 6 9996346
7 7 9996347
8 8 9996348
9 9 9996349
10 10 9996350
11 11 9996351
12 12 9996352
13 13 9996353
14 14 9996354
15 15 9996355
16 16 9996356
17 17 9996357
18 18 9996358
19 19 9996359
20 20 9996360
1 1 9996361
1 2 9996362
1 3 9996363
1 4 9996364
1 5 9996365
1 6 9996366
1 7 9996367
1 8 9996368
1 9 9996369
1 10 9996370
1 11 9996371
1 12 9996372
1 13 9996373
1 14 9996374
1 15 9996375
1 16 9996376
1 17 9996377
1 18 9996378
1 19 9996379
1 20 9996380
1 1 9996381
2 2 9996382
3 3 9996383
4 4 9996384
5 5 9996385
6 6 9996386
7 7 9996387
8 8 9996388
9 9 9996389
10 10 9996390
11 11 9996391
12 12 9996392
13 13 9996393
14 14 9996394
15 15 9996395
16 16 9996396
17 17 9996397
18 18 9996398
19 19 9996399
20 20 9996400
1 1 9996401
1 2 9996402
1 3 9996403
1 4 9996404
1 5 9996405
1 6 9996406
1 7 9996407
1 8 9996408
1 9 9996409
1 10 9996410
1 11 9996411
1 12 9996412
1 13 9996413
1 14 9996414
1 15 9996415
1 16 9996416
1 17 9996417
1 18 9996418
1 19 9996419
1 20 9996420
1 1 9996421
2 2 9996422
3 3 9996423
4 4 9996424
5 5 9996425
6 6 9996426
7 7 9996427
8 8 9996428
9 9 9996429
10 10 9996430
11 11 9996431
12 12 9996432
13 13 9996433
14 14 9996434
15 15 9996435
16 16 9996436
17 17 9996437
18 18 9996438
19 19 9996439
20 20 9996440
1 1 9996441
1 2 9996442
1 3 9996443
1 4 9996444
1 5 9996445
1 6 9996446
1 7 9996447
1 8 9996448
1 9 9996449
1 10 9996450
1 11 9996451
1 12 9996452
1 13 9996453
1 14 9996454
1 15 9996455
1 16 9996456
1 17 9996457
1 18 9996458
1 19 9996459
1 20 9996460
1 1 9996461
2 2 9996462
3 3 9996463
4 4 9996464
5 5 9996465
6 6 9996466
7 7 9996467
8 8 9996468
9 9 9996469
10 10 9996470
11 11 9996471
12 12 9996472
13 13 9996473
14 14 9996474
15 15 9996475
16 16 9996476
17 17 9996477
18 18 9996478
19 19 9996479
20 20 9996480
1 1 9996481
1 2 9996482
1 3 9996483
1 4 9996484
1 5 9996485
1 6 9996486
1 7 9996487
1 8 9996488
1 9 9996489
1 10 9996490
1 11 9996491
1 12 9996492
1 13 9996493
1 14 9996494
1 15 9996495
1 16 9996496
1 17 9996497
1 18 9996498
1 19 9996499
1 20 9996500
1 1 9996501
2 2 9996502
3 3 9996503
4 4 9996504
5 5 9996505
6 6 9996506
7 7 9996507
8 8 9996508
9 9 9996509
10 10 9996510
11 11 9996511
12 12 9996512
13 13 9996513
14 14 9996514
15 15 9996515
16 16 9996516
17 17 9996517
18 18 9996518
19 19 9996519
20 20 9996520
1 1 9996521
1 2 9996522
1 3 9996523
1 4 9996524
1 5 9996525
1 6 9996526
1 7 9996527
1 8 9996528
1 9 9996529
1 10 9996530
1 11 9996531
1 12 9996532
1 13 9996533
1 14 9996534
1 15 9996535
1 16 9996536
1 17 9996537
1 18 9996538
1 19 9996539
1 20 9996540
1 1 9996541
2 2 9996542
3 3 9996543
4 4 9996544
5 5 9996545
6 6 9996546
7 7 9996547
8 8 9996548
9 9 9996549
10 10 9996550
11 11 9996551
12 12 9996552
13 13 9996553
14 14 9996554
15 15 9996555
16 16 9996556
17 17 9996557
18 18 9996558
19 19 9996559
20 20 9996560
1 1 9996561
1 2 9996562
1 3 9996563
1 4 9996564
1 5 9996565
1 6 9996566
1 7 9996567
1 8 9996568
1 9 9996569
1 10 9996570
1 11 9996571
1 12 9996572
1 13 9996573
1 14 9996574
1 15 9996575
1 16 9996576
1 17 9996577
1 18 9996578
1 19 9996579
1 20 9996580
1 1 9996581
2 2 9996582
3 3 9996583
4 4 9996584
5 5 9996585
6 6 9996586
7 7 9996587
8 8 9996588
9 9 9996589
10 10 9996590
11 11 9996591
12 12 9996592
13 13 9996593
14 14 9996594
15 15 9996595
16 16 9996596
17 17 9996597
18 18 9996598
19 19 9996599
20 20 9996600
1 1 9996601
1 2 9996602
1 3 9996603
1 4 9996604
1 5 9996605
1 6 9996606
1 7 9996607
1 8 9996608
1 9 9996609
1 10 9996610
1 11 9996611
1 12 9996612
1 13 9996613
1 14 9996614
1 15 9996615
1 16 9996616
1 17 9996617
1 18 9996618
1 19 9996619
1 20 9996620
1 1 9996621
2 2 9996622
3 3 9996623
4 4 9996624
5 5 9996625
6 6 9996626
7 7 9996627
8 8 9996628
9 9 9996629
10 10 9996630
11 11 9996631
12 12 9996632
13 13 9996633
14 14 9996634
15 15 9996635
16 16 9996636
17 17 9996637
18 18 9996638
19 19 9996639
20 20 9996640
1 1 9996641
1 2 9996642
1 3 9996643
1 4 9996644
1 5 9996645
1 6 9996646
1 7 9996647
1 8 9996648
1 9 9996649
1 10 9996650
1 11 9996651
1 12 9996652
1 13 9996653
1 14 9996654
1 15 9996655
1 16 9996656
1 17 9996657
1 18 9996658
1 19 9996659
1 20 9996660
1 1 9996661
2 2 9996662
3 3 9996663
4 4 9996664
5 5 9996665
6 6 9996666
7 7 9996667
8 8 9996668
9 9 9996669
10 10 9996670
11 11 9996671
12 12 9996672
13 13 9996673
14 14 9996674
15 15 9996675
16 16 9996676
17 17 9996677
18 18 9996678
19 19 9996679
20 20 9996680
1 1 9996681
1 2 9996682
1 3 9996683
1 4 9996684
1 5 9996685
1 6 9996686
1 7 9996687
1 8 9996688
1 9 9996689
1 10 9996690
1 11 9996691
1 12 9996692
1 13 9996693
1 14 9996694
1 15 9996695
1 16 9996696
1 17 9996697
1 18 9996698
1 19 9996699
1 20 9996700
1 1 9996701
2 2 9996702
3 3 9996703
4 4 9996704
5 5 9996705
6 6 9996706
7 7 9996707
8 8 9996708
9 9 9996709
10 10 9996710
11 11 9996711
12 12 9996712
13 13 9996713
14 14 9996714
15 15 9996715
16 16 9996716
17 17 9996717
18 18 9996718
19 19 9996719
20 20 9996720
1 1 9996721
1 2 9996722
1 3 9996723
1 4 9996724
1 5 9996725
1 6 9996726
1 7 9996727
1 8 9996728
1 9 9996729
1 10 9996730
1 11 9996731
1 12 9996732
1 13 9996733
1 14 9996734
1 15 9996735
1 16 9996736
1 17 9996737
1 18 9996738
1 19 9996739
1 20 9996740
1 1 9996741
2 2 9996742
3 3 9996743
4 4 9996744
5 5 9996745
6 6 9996746
7 7 9996747
8 8 9996748
9 9 9996749
10 10 9996750
11 11 9996751
12 12 9996752
13 13 9996753
14 14 9996754
15 15 9996755
16 16 9996756
17 17 9996757
18 18 9996758
19 19 9996759
20 20 9996760
1 1 9996761
1 2 9996762
1 3 9996763
1 4 9996764
1 5 9996765
1 6 9996766
1 7 9996767
1 8 9996768
1 9 9996769
1 10 9996770
1 11 9996771
1 12 9996772
1 13 9996773
1 14 9996774
1 15 9996775
1 16 9996776
1 17 9996777
1 18 9996778
1 19 9996779
1 20 9996780
1 1 9996781
2 2 9996782
3 3 9996783
4 4 9996784
5 5 9996785
6 6 9996786
7 7 9996787
8 8 9996788
9 9 9996789
10 10 9996790
11 11 9996791
12 12 9996792
13 13 9996793
14 14 9996794
15 15 9996795
16 16 9996796
17 17 9996797
18 18 9996798
19 19 9996799
20 20 9996800
1 1 9996801
1 2 9996802
1 3 9996803
1 4 9996804
1 5 9996805
1 6 9996806
1 7 9996807
1 8 9996808
1 9 9996809
1 10 9996810
1 11 9996811
1 12 9996812
1 13 9996813
1 14 9996814
1 15 9996815
1 16 9996816
1 17 9996817
1 18 9996818
1 19 9996819
1 20 9996820
1 1 9996821
2 2 9996822
3 3 9996823
4 4 9996824
5 5 9996825
6 6 9996826
7 7 9996827
8 8 9996828
9 9 9996829
10 10 9996830
11 11 9996831
12 12 9996832
13 13 9996833
14 14 9996834
15 15 9996835
16 16 9996836
17 17 9996837
18 18 9996838
19 19 9996839
20 20 9996840
1 1 9996841
1 2 9996842
1 3 9996843
1 4 9996844
1 5 9996845
1 6 9996846
1 7 9996847
1 8 9996848
1 9 9996849
1 10 9996850
1 11 9996851
1 12 9996852
1 13 9996853
1 14 9996854
1 15 9996855
1 16 9996856
1 17 9996857
1 18 9996858
1 19 9996859
1 20 9996860
1 1 9996861
2 2 9996862
3 3 9996863
4 4 9996864
5 5 9996865
6 6 9996866
7 7 9996867
8 8 9996868
9 9 9996869
10 10 9996870
11 11 9996871
12 12 9996872
13 13 9996873
14 14 9996874
15 15 9996875
16 16 9996876
17 17 9996877
18 18 9996878
19 19 9996879
20 20 9996880
1 1 9996881
1 2 9996882
1 3 9996883
1 4 9996884
1 5 9996885
1 6 9996886
1 7 9996887
1 8 9996888
1 9 9996889
1 10 9996890
1 11 9996891
1 12 9996892
1 13 9996893
1 14 9996894
1 15 9996895
1 16 9996896
1 17 9996897
1 18 9996898
1 19 9996899
1 20 9996900
1 1 9996901
2 2 9996902
3 3 9996903
4 4 9996904
5 5 9996905
6 6 9996906
7 7 9996907
8 8 9996908
9 9 9996909
10 10 9996910
11 11 9996911
12 12 9996912
13 13 9996913
14 14 9996914
15 15 9996915
16 16 9996916
17 17 9996917
18 18 9996918
19 19 9996919
20 20 9996920
1 1 9996921
1 2 9996922
1 3 9996923
1 4 9996924
1 5 9996925
1 6 9996926
1 7 9996927
1 8 9996928
1 9 9996929
1 10 9996930
1 11 9996931
1 12 9996932
1 13 9996933
1 14 9996934
1 15 9996935
1 16 9996936
1 17 9996937
1 18 9996938
1 19 9996939
1 20 9996940
1 1 9996941
2 2 9996942
3 3 9996943
4 4 9996944
5 5 9996945
6 6 9996946
7 7 9996947
8 8 9996948
9 9 9996949
10 10 9996950
11 11 9996951
12 12 9996952
13 13 9996953
14 14 9996954
15 15 9996955
16 16 9996956
17 17 9996957
18 18 9996958
19 19 9996959
20 20 9996960
1 1 9996961
1 2 9996962
1 3 9996963
1 4 9996964
1 5 9996965
1 6 9996966
1 7 9996967
1 8 9996968
1 9 9996969
1 10 9996970
1 11 9996971
1 12 9996972
1 13 9996973
1 14 9996974
1 15 9996975
1 16 9996976
1 17 9996977
1 18 9996978
1 19 9996979
1 20 9996980
1 1 9996981
2 2 9996982
3 3 9996983
4 4 9996984
5 5 9996985
6 6 9996986
7 7 9996987
8 8 9996988
9 9 9996989
10 10 9996990
11 11 9996991
12 12 9996992
13 13 9996993
14 14 9996994
15 15 9996995
16 16 9996996
17 17 9996997
18 18 9996998
19 19 9996999
20 20 9997000
1 1 9997001
1 2 9997002
1 3 9997003
1 4 9997004
1 5 9997005
1 6 9997006
1 7 9997007
1 8 9997008
1 9 9997009
1 10 9997010
1 11 9997011
1 12 9997012
1 13 9997013
1 14 9997014
1 15 9997015
1 16 9997016
1 17 9997017
1 18 9997018
1 19 9997019
1 20 9997020
1 1 9997021
2 2 9997022
3 3 9997023
4 4 9997024
5 5 9997025
6 6 9997026
7 7 9997027
8 8 9997028
9 9 9997029
10 10 9997030
11 11 9997031
12 12 9997032
13 13 9997033
14 14 9997034
15 15 9997035
16 16 9997036
17 17 9997037
18 18 9997038
19 19 9997039
20 20 9997040
1 1 9997041
1 2 9997042
1 3 9997043
1 4 9997044
1 5 9997045
1 6 9997046
1 7 9997047
1 8 9997048
1 9 9997049
1 10 9997050
1 11 9997051
1 12 9997052
1 13 9997053
1 14 9997054
1 15 9997055
1 16 9997056
1 17 9997057
1 18 9997058
1 19 9997059
1 20 9997060
1 1 9997061
2 2 9997062
3 3 9997063
4 4 9997064
5 5 9997065
6 6 9997066
7 7 9997067
8 8 9997068
9 9 9997069
10 10 9997070
11 11 9997071
12 12 9997072
13 13 9997073
14 14 9997074
15 15 9997075
16 16 9997076
17 17 9997077
18 18 9997078
19 19 9997079
20 20 9997080
1 1 9997081
1 2 9997082
1 3 9997083
1 4 9997084
1 5 9997085
1 6 9997086
1 7 9997087
1 8 9997088
1 9 9997089
1 10 9997090
1 11 9997091
1 12 9997092
1 13 9997093
1 14 9997094
1 15 9997095
1 16 9997096
1 17 9997097
1 18 9997098
1 19 9997099
1 20 9997100
1 1 9997101
2 2 9997102
3 3 9997103
4 4 9997104
5 5 9997105
6 6 9997106
7 7 9997107
8 8 9997108
9 9 9997109
10 10 9997110
11 11 9997111
12 12 9997112
13 13 9997113
14 14 9997114
15 15 9997115
16 16 9997116
17 17 9997117
18 18 9997118
19 19 9997119
20 20 9997120
1 1 9997121
1 2 9997122
1 3 9997123
1 4 9997124
1 5 9997125
1 6 9997126
1 7 9997127
1 8 9997128
1 9 9997129
1 10 9997130
1 11 9997131
1 12 9997132
1 13 9997133
1 14 9997134
1 15 9997135
1 16 9997136
1 17 9997137
1 18 9997138
1 19 9997139
1 20 9997140
1 1 9997141
2 2 9997142
3 3 9997143
4 4 9997144
5 5 9997145
6 6 9997146
7 7 9997147
8 8 9997148
9 9 9997149
10 10 9997150
11 11 9997151
12 12 9997152
13 13 9997153
14 14 9997154
15 15 9997155
16 16 9997156
17 17 9997157
18 18 9997158
19 19 9997159
20 20 9997160
1 1 9997161
1 2 9997162
1 3 9997163
1 4 9997164
1 5 9997165
1 6 9997166
1 7 9997167
1 8 9997168
1 9 9997169
1 10 9997170
1 11 9997171
1 12 9997172
1 13 9997173
1 14 9997174
1 15 9997175
1 16 9997176
1 17 9997177
1 18 9997178
1 19 9997179
1 20 9997180
1 1 9997181
2 2 9997182
3 3 9997183
4 4 9997184
5 5 9997185
6 6 9997186
7 7 9997187
8 8 9997188
9 9 9997189
10 10 9997190
11 11 9997191
12 12 9997192
13 13 9997193
14 14 9997194
15 15 9997195
16 16 9997196
17 17 9997197
18 18 9997198
19 19 9997199
20 20 9997200
1 1 9997201
1 2 9997202
1 3 9997203
1 4 9997204
1 5 9997205
1 6 9997206
1 7 9997207
1 8 9997208
1 9 9997209
1 10 9997210
1 11 9997211
1 12 9997212
1 13 9997213
1 14 9997214
1 15 9997215
1 16 9997216
1 17 9997217
1 18 9997218
1 19 9997219
1 20 9997220
1 1 9997221
2 2 9997222
3 3 9997223
4 4 9997224
5 5 9997225
6 6 9997226
7 7 9997227
8 8 9997228
9 9 9997229
10 10 9997230
11 11 9997231
12 12 9997232
13 13 9997233
14 14 9997234
15 15 9997235
16 16 9997236
17 17 9997237
18 18 9997238
19 19 9997239
20 20 9997240
1 1 9997241
1 2 9997242
1 3 9997243
1 4 9997244
1 5 9997245
1 6 9997246
1 7 9997247
1 8 9997248
1 9 9997249
1 10 9997250
1 11 9997251
1 12 9997252
1 13 9997253
1 14 9997254
1 15 9997255
1 16 9997256
1 17 9997257
1 18 9997258
1 19 9997259
1 20 9997260
1 1 9997261
2 2 9997262
3 3 9997263
4 4 9997264
5 5 9997265
6 6 9997266
7 7 9997267
8 8 9997268
9 9 9997269
10 10 9997270
11 11 9997271
12 12 9997272
13 13 9997273
14 14 9997274
15 15 9997275
16 16 9997276
17 17 9997277
18 18 9997278
19 19 9997279
20 20 9997280
1 1 9997281
1 2 9997282
1 3 9997283
1 4 9997284
1 5 9997285
1 6 9997286
1 7 9997287
1 8 9997288
1 9 9997289
1 10 9997290
1 11 9997291
1 12 9997292
1 13 9997293
1 14 9997294
1 15 9997295
1 16 9997296
1 17 9997297
1 18 9997298
1 19 9997299
1 20 9997300
1 1 9997301
2 2 9997302
3 3 9997303
4 4 9997304
5 5 9997305
6 6 9997306
7 7 9997307
8 8 9997308
9 9 9997309
10 10 9997310
11 11 9997311
12 12 9997312
13 13 9997313
14 14 9997314
15 15 9997315
16 16 9997316
17 17 9997317
18 18 9997318
19 19 9997319
20 20 9997320
1 1 9997321
1 2 9997322
1 3 9997323
1 4 9997324
1 5 9997325
1 6 9997326
1 7 9997327
1 8 9997328
1 9 9997329
1 10 9997330
1 11 9997331
1 12 9997332
1 13 9997333
1 14 9997334
1 15 9997335
1 16 9997336
1 17 9997337
1 18 9997338
1 19 9997339
1 20 9997340
1 1 9997341
2 2 9997342
3 3 9997343
4 4 9997344
5 5 9997345
6 6 9997346
7 7 9997347
8 8 9997348
9 9 9997349
10 10 9997350
11 11 9997351
12 12 9997352
13 13 9997353
14 14 9997354
15 15 9997355
16 16 9997356
17 17 9997357
18 18 9997358
19 19 9997359
20 20 9997360
1 1 9997361
1 2 9997362
1 3 9997363
1 4 9997364
1 5 9997365
1 6 9997366
1 7 9997367
1 8 9997368
1 9 9997369
1 10 9997370
1 11 9997371
1 12 9997372
1 13 9997373
1 14 9997374
1 15 9997375
1 16 9997376
1 17 9997377
1 18 9997378
1 19 9997379
1 20 9997380
1 1 9997381
2 2 9997382
3 3 9997383
4 4 9997384
5 5 9997385
6 6 9997386
7 7 9997387
8 8 9997388
9 9 9997389
10 10 9997390
11 11 9997391
12 12 9997392
13 13 9997393
14 14 9997394
15 15 9997395
16 16 9997396
17 17 9997397
18 18 9997398
19 19 9997399
20 20 9997400
1 1 9997401
1 2 9997402
1 3 9997403
1 4 9997404
1 5 9997405
1 6 9997406
1 7 9997407
1 8 9997408
1 9 9997409
1 10 9997410
1 11 9997411
1 12 9997412
1 13 9997413
1 14 9997414
1 15 9997415
1 16 9997416
1 17 9997417
1 18 9997418
1 19 9997419
1 20 9997420
1 1 9997421
2 2 9997422
3 3 9997423
4 4 9997424
5 5 9997425
6 6 9997426
7 7 9997427
8 8 9997428
9 9 9997429
10 10 9997430
11 11 9997431
12 12 9997432
13 13 9997433
14 14 9997434
15 15 9997435
16 16 9997436
17 17 9997437
18 18 9997438
19 19 9997439
20 20 9997440
1 1 9997441
1 2 9997442
1 3 9997443
1 4 9997444
1 5 9997445
1 6 9997446
1 7 9997447
1 8 9997448
1 9 9997449
1 10 9997450
1 11 9997451
1 12 9997452
1 13 9997453
1 14 9997454
1 15 9997455
1 16 9997456
1 17 9997457
1 18 9997458
1 19 9997459
1 20 9997460
1 1 9997461
2 2 9997462
3 3 9997463
4 4 9997464
5 5 9997465
6 6 9997466
7 7 9997467
8 8 9997468
9 9 9997469
10 10 9997470
11 11 9997471
12 12 9997472
13 13 9997473
14 14 9997474
15 15 9997475
16 16 9997476
17 17 9997477
18 18 9997478
19 19 9997479
20 20 9997480
1 1 9997481
1 2 9997482
1 3 9997483
1 4 9997484
1 5 9997485
1 6 9997486
1 7 9997487
1 8 9997488
1 9 9997489
1 10 9997490
1 11 9997491
1 12 9997492
1 13 9997493
1 14 9997494
1 15 9997495
1 16 9997496
1 17 9997497
1 18 9997498
1 19 9997499
1 20 9997500
1 1 9997501
2 2 9997502
3 3 9997503
4 4 9997504
5 5 9997505
6 6 9997506
7 7 9997507
8 8 9997508
9 9 9997509
10 10 9997510
11 11 9997511
12 12 9997512
13 13 9997513
14 14 9997514
15 15 9997515
16 16 9997516
17 17 9997517
18 18 9997518
19 19 9997519
20 20 9997520
1 1 9997521
1 2 9997522
1 3 9997523
1 4 9997524
1 5 9997525
1 6 9997526
1 7 9997527
1 8 9997528
1 9 9997529
1 10 9997530
1 11 9997531
1 12 9997532
1 13 9997533
1 14 9997534
1 15 9997535
1 16 9997536
1 17 9997537
1 18 9997538
1 19 9997539
1 20 9997540
1 1 9997541
2 2 9997542
3 3 9997543
4 4 9997544
5 5 9997545
6 6 9997546
7 7 9997547
8 8 9997548
9 9 9997549
10 10 9997550
11 11 9997551
12 12 9997552
13 13 9997553
14 14 9997554
15 15 9997555
16 16 9997556
17 17 9997557
18 18 9997558
19 19 9997559
20 20 9997560
1 1 9997561
1 2 9997562
1 3 9997563
1 4 9997564
1 5 9997565
1 6 9997566
1 7 9997567
1 8 9997568
1 9 9997569
1 10 9997570
1 11 9997571
1 12 9997572
1 13 9997573
1 14 9997574
1 15 9997575
1 16 9997576
1 17 9997577
1 18 9997578
1 19 9997579
1 20 9997580
1 1 9997581
2 2 9997582
3 3 9997583
4 4 9997584
5 5 9997585
6 6 9997586
7 7 9997587
8 8 9997588
9 9 9997589
10 10 9997590
11 11 9997591
12 12 9997592
13 13 9997593
14 14 9997594
15 15 9997595
16 16 9997596
17 17 9997597
18 18 9997598
19 19 9997599
20 20 9997600
1 1 9997601
1 2 9997602
1 3 9997603
1 4 9997604
1 5 9997605
1 6 9997606
1 7 9997607
1 8 9997608
1 9 9997609
1 10 9997610
1 11 9997611
1 12 9997612
1 13 9997613
1 14 9997614
1 15 9997615
1 16 9997616
1 17 9997617
1 18 9997618
1 19 9997619
1 20 9997620
1 1 9997621
2 2 9997622
3 3 9997623
4 4 9997624
5 5 9997625
6 6 9997626
7 7 9997627
8 8 9997628
9 9 9997629
10 10 9997630
11 11 9997631
12 12 9997632
13 13 9997633
14 14 9997634
15 15 9997635
16 16 9997636
17 17 9997637
18 18 9997638
19 19 9997639
20 20 9997640
1 1 9997641
1 2 9997642
1 3 9997643
1 4 9997644
1 5 9997645
1 6 9997646
1 7 9997647
1 8 9997648
1 9 9997649
1 10 9997650
1 11 9997651
1 12 9997652
1 13 9997653
1 14 9997654
1 15 9997655
1 16 9997656
1 17 9997657
1 18 9997658
1 19 9997659
1 20 9997660
1 1 9997661
2 2 9997662
3 3 9997663
4 4 9997664
5 5 9997665
6 6 9997666
7 7 9997667
8 8 9997668
9 9 9997669
10 10 9997670
11 11 9997671
12 12 9997672
13 13 9997673
14 14 9997674
15 15 9997675
16 16 9997676
17 17 9997677
18 18 9997678
19 19 9997679
20 20 9997680
1 1 9997681
1 2 9997682
1 3 9997683
1 4 9997684
1 5 9997685
1 6 9997686
1 7 9997687
1 8 9997688
1 9 9997689
1 10 9997690
1 11 9997691
1 12 9997692
1 13 9997693
1 14 9997694
1 15 9997695
1 16 9997696
1 17 9997697
1 18 9997698
1 19 9997699
1 20 9997700
1 1 9997701
2 2 9997702
3 3 9997703
4 4 9997704
5 5 9997705
6 6 9997706
7 7 9997707
8 8 9997708
9 9 9997709
10 10 9997710
11 11 9997711
12 12 9997712
13 13 9997713
14 14 9997714
15 15 9997715
16 16 9997716
17 17 9997717
18 18 9997718
19 19 9997719
20 20 9997720
1 1 9997721
1 2 9997722
1 3 9997723
1 4 9997724
1 5 9997725
1 6 9997726
1 7 9997727
1 8 9997728
1 9 9997729
1 10 9997730
1 11 9997731
1 12 9997732
1 13 9997733
1 14 9997734
1 15 9997735
1 16 9997736
1 17 9997737
1 18 9997738
1 19 9997739
1 20 9997740
1 1 9997741
2 2 9997742
3 3 9997743
4 4 9997744
5 5 9997745
6 6 9997746
7 7 9997747
8 8 9997748
9 9 9997749
10 10 9997750
11 11 9997751
12 12 9997752
13 13 9997753
14 14 9997754
15 15 9997755
16 16 9997756
17 17 9997757
18 18 9997758
19 19 9997759
20 20 9997760
1 1 9997761
1 2 9997762
1 3 9997763
1 4 9997764
1 5 9997765
1 6 9997766
1 7 9997767
1 8 9997768
1 9 9997769
1 10 9997770
1 11 9997771
1 12 9997772
1 13 9997773
1 14 9997774
1 15 9997775
1 16 9997776
1 17 9997777
1 18 9997778
1 19 9997779
1 20 9997780
1 1 9997781
2 2 9997782
3 3 9997783
4 4 9997784
5 5 9997785
6 6 9997786
7 7 9997787
8 8 9997788
9 9 9997789
10 10 9997790
11 11 9997791
12 12 9997792
13 13 9997793
14 14 9997794
15 15 9997795
16 16 9997796
17 17 9997797
18 18 9997798
19 19 9997799
20 20 9997800
1 1 9997801
1 2 9997802
1 3 9997803
1 4 9997804
1 5 9997805
1 6 9997806
1 7 9997807
1 8 9997808
1 9 9997809
1 10 9997810
1 11 9997811
1 12 9997812
1 13 9997813
1 14 9997814
1 15 9997815
1 16 9997816
1 17 9997817
1 18 9997818
1 19 9997819
1 20 9997820
1 1 9997821
2 2 9997822
3 3 9997823
4 4 9997824
5 5 9997825
6 6 9997826
7 7 9997827
8 8 9997828
9 9 9997829
10 10 9997830
11 11 9997831
12 12 9997832
13 13 9997833
14 14 9997834
15 15 9997835
16 16 9997836
17 17 9997837
18 18 9997838
19 19 9997839
20 20 9997840
1 1 9997841
1 2 9997842
1 3 9997843
1 4 9997844
1 5 9997845
1 6 9997846
1 7 9997847
1 8 9997848
1 9 9997849
1 10 9997850
1 11 9997851
1 12 9997852
1 13 9997853
1 14 9997854
1 15 9997855
1 16 9997856
1 17 9997857
1 18 9997858
1 19 9997859
1 20 9997860
1 1 9997861
2 2 9997862
3 3 9997863
4 4 9997864
5 5 9997865
6 6 9997866
7 7 9997867
8 8 9997868
9 9 9997869
10 10 9997870
11 11 9997871
12 12 9997872
13 13 9997873
14 14 9997874
15 15 9997875
16 16 9997876
17 17 9997877
18 18 9997878
19 19 9997879
20 20 9997880
1 1 9997881
1 2 9997882
1 3 9997883
1 4 9997884
1 5 9997885
1 6 9997886
1 7 9997887
1 8 9997888
1 9 9997889
1 10 9997890
1 11 9997891
1 12 9997892
1 13 9997893
1 14 9997894
1 15 9997895
1 16 9997896
1 17 9997897
1 18 9997898
1 19 9997899
1 20 9997900
1 1 9997901
2 2 9997902
3 3 9997903
4 4 9997904
5 5 9997905
6 6 9997906
7 7 9997907
8 8 9997908
9 9 9997909
10 10 9997910
11 11 9997911
12 12 9997912
13 13 9997913
14 14 9997914
15 15 9997915
16 16 9997916
17 17 9997917
18 18 9997918
19 19 9997919
20 20 9997920
1 1 9997921
1 2 9997922
1 3 9997923
1 4 9997924
1 5 9997925
1 6 9997926
1 7 9997927
1 8 9997928
1 9 9997929
1 10 9997930
1 11 9997931
1 12 9997932
1 13 9997933
1 14 9997934
1 15 9997935
1 16 9997936
1 17 9997937
1 18 9997938
1 19 9997939
1 20 9997940
1 1 9997941
2 2 9997942
3 3 9997943
4 4 9997944
5 5 9997945
6 6 9997946
7 7 9997947
8 8 9997948
9 9 9997949
10 10 9997950
11 11 9997951
12 12 9997952
13 13 9997953
14 14 9997954
15 15 9997955
16 16 9997956
17 17 9997957
18 18 9997958
19 19 9997959
20 20 9997960
1 1 9997961
1 2 9997962
1 3 9997963
1 4 9997964
1 5 9997965
1 6 9997966
1 7 9997967
1 8 9997968
1 9 9997969
1 10 9997970
1 11 9997971
1 12 9997972
1 13 9997973
1 14 9997974
1 15 9997975
1 16 9997976
1 17 9997977
1 18 9997978
1 19 9997979
1 20 9997980
1 1 9997981
2 2 9997982
3 3 9997983
4 4 9997984
5 5 9997985
6 6 9997986
7 7 9997987
8 8 9997988
9 9 9997989
10 10 9997990
11 11 9997991
12 12 9997992
13 13 9997993
14 14 9997994
15 15 9997995
16 16 9997996
17 17 9997997
18 18 9997998
19 19 9997999
20 20 9998000
1 1 9998001
1 2 9998002
1 3 9998003
1 4 9998004
1 5 9998005
1 6 9998006
1 7 9998007
1 8 9998008
1 9 9998009
1 10 9998010
1 11 9998011
1 12 9998012
1 13 9998013
1 14 9998014
1 15 9998015
1 16 9998016
1 17 9998017
1 18 9998018
1 19 9998019
1 20 9998020
1 1 9998021
2 2 9998022
3 3 9998023
4 4 9998024
5 5 9998025
6 6 9998026
7 7 9998027
8 8 9998028
9 9 9998029
10 10 9998030
11 11 9998031
12 12 9998032
13 13 9998033
14 14 9998034
15 15 9998035
16 16 9998036
17 17 9998037
18 18 9998038
19 19 9998039
20 20 9998040
1 1 9998041
1 2 9998042
1 3 9998043
1 4 9998044
1 5 9998045
1 6 9998046
1 7 9998047
1 8 9998048
1 9 9998049
1 10 9998050
1 11 9998051
1 12 9998052
1 13 9998053
1 14 9998054
1 15 9998055
1 16 9998056
1 17 9998057
1 18 9998058
1 19 9998059
1 20 9998060
1 1 9998061
2 2 9998062
3 3 9998063
4 4 9998064
5 5 9998065
6 6 9998066
7 7 9998067
8 8 9998068
9 9 9998069
10 10 9998070
11 11 9998071
12 12 9998072
13 13 9998073
14 14 9998074
15 15 9998075
16 16 9998076
17 17 9998077
18 18 9998078
19 19 9998079
20 20 9998080
1 1 9998081
1 2 9998082
1 3 9998083
1 4 9998084
1 5 9998085
1 6 9998086
1 7 9998087
1 8 9998088
1 9 9998089
1 10 9998090
1 11 9998091
1 12 9998092
1 13 9998093
1 14 9998094
1 15 9998095
1 16 9998096
1 17 9998097
1 18 9998098
1 19 9998099
1 20 9998100
1 1 9998101
2 2 9998102
3 3 9998103
4 4 9998104
5 5 9998105
6 6 9998106
7 7 9998107
8 8 9998108
9 9 9998109
10 10 9998110
11 11 9998111
12 12 9998112
13 13 9998113
14 14 9998114
15 15 9998115
16 16 9998116
17 17 9998117
18 18 9998118
19 19 9998119
20 20 9998120
1 1 9998121
1 2 9998122
1 3 9998123
1 4 9998124
1 5 9998125
1 6 9998126
1 7 9998127
1 8 9998128
1 9 9998129
1 10 9998130
1 11 9998131
1 12 9998132
1 13 9998133
1 14 9998134
1 15 9998135
1 16 9998136
1 17 9998137
1 18 9998138
1 19 9998139
1 20 9998140
1 1 9998141
2 2 9998142
3 3 9998143
4 4 9998144
5 5 9998145
6 6 9998146
7 7 9998147
8 8 9998148
9 9 9998149
10 10 9998150
11 11 9998151
12 12 9998152
13 13 9998153
14 14 9998154
15 15 9998155
16 16 9998156
17 17 9998157
18 18 9998158
19 19 9998159
20 20 9998160
1 1 9998161
1 2 9998162
1 3 9998163
1 4 9998164
1 5 9998165
1 6 9998166
1 7 9998167
1 8 9998168
1 9 9998169
1 10 9998170
1 11 9998171
1 12 9998172
1 13 9998173
1 14 9998174
1 15 9998175
1 16 9998176
1 17 9998177
1 18 9998178
1 19 9998179
1 20 9998180
1 1 9998181
2 2 9998182
3 3 9998183
4 4 9998184
5 5 9998185
6 6 9998186
7 7 9998187
8 8 9998188
9 9 9998189
10 10 9998190
11 11 9998191
12 12 9998192
13 13 9998193
14 14 9998194
15 15 9998195
16 16 9998196
17 17 9998197
18 18 9998198
19 19 9998199
20 20 9998200
1 1 9998201
1 2 9998202
1 3 9998203
1 4 9998204
1 5 9998205
1 6 9998206
1 7 9998207
1 8 9998208
1 9 9998209
1 10 9998210
1 11 9998211
1 12 9998212
1 13 9998213
1 14 9998214
1 15 9998215
1 16 9998216
1 17 9998217
1 18 9998218
1 19 9998219
1 20 9998220
1 1 9998221
2 2 9998222
3 3 9998223
4 4 9998224
5 5 9998225
6 6 9998226
7 7 9998227
8 8 9998228
9 9 9998229
10 10 9998230
11 11 9998231
12 12 9998232
13 13 9998233
14 14 9998234
15 15 9998235
16 16 9998236
17 17 9998237
18 18 9998238
19 19 9998239
20 20 9998240
1 1 9998241
1 2 9998242
1 3 9998243
1 4 9998244
1 5 9998245
1 6 9998246
1 7 9998247
1 8 9998248
1 9 9998249
1 10 9998250
1 11 9998251
1 12 9998252
1 13 9998253
1 14 9998254
1 15 9998255
1 16 9998256
1 17 9998257
1 18 9998258
1 19 9998259
1 20 9998260
1 1 9998261
2 2 9998262
3 3 9998263
4 4 9998264
5 5 9998265
6 6 9998266
7 7 9998267
8 8 9998268
9 9 9998269
10 10 9998270
11 11 9998271
12 12 9998272
13 13 9998273
14 14 9998274
15 15 9998275
16 16 9998276
17 17 9998277
18 18 9998278
19 19 9998279
20 20 9998280
1 1 9998281
1 2 9998282
1 3 9998283
1 4 9998284
1 5 9998285
1 6 9998286
1 7 9998287
1 8 9998288
1 9 9998289
1 10 9998290
1 11 9998291
1 12 9998292
1 13 9998293
1 14 9998294
1 15 9998295
1 16 9998296
1 17 9998297
1 18 9998298
1 19 9998299
1 20 9998300
1 1 9998301
2 2 9998302
3 3 9998303
4 4 9998304
5 5 9998305
6 6 9998306
7 7 9998307
8 8 9998308
9 9 9998309
10 10 9998310
11 11 9998311
12 12 9998312
13 13 9998313
14 14 9998314
15 15 9998315
16 16 9998316
17 17 9998317
18 18 9998318
19 19 9998319
20 20 9998320
1 1 9998321
1 2 9998322
1 3 9998323
1 4 9998324
1 5 9998325
1 6 9998326
1 7 9998327
1 8 9998328
1 9 9998329
1 10 9998330
1 11 9998331
1 12 9998332
1 13 9998333
1 14 9998334
1 15 9998335
1 16 9998336
1 17 9998337
1 18 9998338
1 19 9998339
1 20 9998340
1 1 9998341
2 2 9998342
3 3 9998343
4 4 9998344
5 5 9998345
6 6 9998346
7 7 9998347
8 8 9998348
9 9 9998349
10 10 9998350
11 11 9998351
12 12 9998352
13 13 9998353
14 14 9998354
15 15 9998355
16 16 9998356
17 17 9998357
18 18 9998358
19 19 9998359
20 20 9998360
1 1 9998361
1 2 9998362
1 3 9998363
1 4 9998364
1 5 9998365
1 6 9998366
1 7 9998367
1 8 9998368
1 9 9998369
1 10 9998370
1 11 9998371
1 12 9998372
1 13 9998373
1 14 9998374
1 15 9998375
1 16 9998376
1 17 9998377
1 18 9998378
1 19 9998379
1 20 9998380
1 1 9998381
2 2 9998382
3 3 9998383
4 4 9998384
5 5 9998385
6 6 9998386
7 7 9998387
8 8 9998388
9 9 9998389
10 10 9998390
11 11 9998391
12 12 9998392
13 13 9998393
14 14 9998394
15 15 9998395
16 16 9998396
17 17 9998397
18 18 9998398
19 19 9998399
20 20 9998400
1 1 9998401
1 2 9998402
1 3 9998403
1 4 9998404
1 5 9998405
1 6 9998406
1 7 9998407
1 8 9998408
1 9 9998409
1 10 9998410
1 11 9998411
1 12 9998412
1 13 9998413
1 14 9998414
1 15 9998415
1 16 9998416
1 17 9998417
1 18 9998418
1 19 9998419
1 20 9998420
1 1 9998421
2 2 9998422
3 3 9998423
4 4 9998424
5 5 9998425
6 6 9998426
7 7 9998427
8 8 9998428
9 9 9998429
10 10 9998430
11 11 9998431
12 12 9998432
13 13 9998433
14 14 9998434
15 15 9998435
16 16 9998436
17 17 9998437
18 18 9998438
19 19 9998439
20 20 9998440
1 1 9998441
1 2 9998442
1 3 9998443
1 4 9998444
1 5 9998445
1 6 9998446
1 7 9998447
1 8 9998448
1 9 9998449
1 10 9998450
1 11 9998451
1 12 9998452
1 13 9998453
1 14 9998454
1 15 9998455
1 16 9998456
1 17 9998457
1 18 9998458
1 19 9998459
1 20 9998460
1 1 9998461
2 2 9998462
3 3 9998463
4 4 9998464
5 5 9998465
6 6 9998466
7 7 9998467
8 8 9998468
9 9 9998469
10 10 9998470
11 11 9998471
12 12 9998472
13 13 9998473
14 14 9998474
15 15 9998475
16 16 9998476
17 17 9998477
18 18 9998478
19 19 9998479
20 20 9998480
1 1 9998481
1 2 9998482
1 3 9998483
1 4 9998484
1 5 9998485
1 6 9998486
1 7 9998487
1 8 9998488
1 9 9998489
1 10 9998490
1 11 9998491
1 12 9998492
1 13 9998493
1 14 9998494
1 15 9998495
1 16 9998496
1 17 9998497
1 18 9998498
1 19 9998499
1 20 9998500
1 1 9998501
2 2 9998502
3 3 9998503
4 4 9998504
5 5 9998505
6 6 9998506
7 7 9998507
8 8 9998508
9 9 9998509
10 10 9998510
11 11 9998511
12 12 9998512
13 13 9998513
14 14 9998514
15 15 9998515
16 16 9998516
17 17 9998517
18 18 9998518
19 19 9998519
20 20 9998520
1 1 9998521
1 2 9998522
1 3 9998523
1 4 9998524
1 5 9998525
1 6 9998526
1 7 9998527
1 8 9998528
1 9 9998529
1 10 9998530
1 11 9998531
1 12 9998532
1 13 9998533
1 14 9998534
1 15 9998535
1 16 9998536
1 17 9998537
1 18 9998538
1 19 9998539
1 20 9998540
1 1 9998541
2 2 9998542
3 3 9998543
4 4 9998544
5 5 9998545
6 6 9998546
7 7 9998547
8 8 9998548
9 9 9998549
10 10 9998550
11 11 9998551
12 12 9998552
13 13 9998553
14 14 9998554
15 15 9998555
16 16 9998556
17 17 9998557
18 18 9998558
19 19 9998559
20 20 9998560
1 1 9998561
1 2 9998562
1 3 9998563
1 4 9998564
1 5 9998565
1 6 9998566
1 7 9998567
1 8 9998568
1 9 9998569
1 10 9998570
1 11 9998571
1 12 9998572
1 13 9998573
1 14 9998574
1 15 9998575
1 16 9998576
1 17 9998577
1 18 9998578
1 19 9998579
1 20 9998580
1 1 9998581
2 2 9998582
3 3 9998583
4 4 9998584
5 5 9998585
6 6 9998586
7 7 9998587
8 8 9998588
9 9 9998589
10 10 9998590
11 11 9998591
12 12 9998592
13 13 9998593
14 14 9998594
15 15 9998595
16 16 9998596
17 17 9998597
18 18 9998598
19 19 9998599
20 20 9998600
1 1 9998601
1 2 9998602
1 3 9998603
1 4 9998604
1 5 9998605
1 6 9998606
1 7 9998607
1 8 9998608
1 9 9998609
1 10 9998610
1 11 9998611
1 12 9998612
1 13 9998613
1 14 9998614
1 15 9998615
1 16 9998616
1 17 9998617
1 18 9998618
1 19 9998619
1 20 9998620
1 1 9998621
2 2 9998622
3 3 9998623
4 4 9998624
5 5 9998625
6 6 9998626
7 7 9998627
8 8 9998628
9 9 9998629
10 10 9998630
11 11 9998631
12 12 9998632
13 13 9998633
14 14 9998634
15 15 9998635
16 16 9998636
17 17 9998637
18 18 9998638
19 19 9998639
20 20 9998640
1 1 9998641
1 2 9998642
1 3 9998643
1 4 9998644
1 5 9998645
1 6 9998646
1 7 9998647
1 8 9998648
1 9 9998649
1 10 9998650
1 11 9998651
1 12 9998652
1 13 9998653
1 14 9998654
1 15 9998655
1 16 9998656
1 17 9998657
1 18 9998658
1 19 9998659
1 20 9998660
1 1 9998661
2 2 9998662
3 3 9998663
4 4 9998664
5 5 9998665
6 6 9998666
7 7 9998667
8 8 9998668
9 9 9998669
10 10 9998670
11 11 9998671
12 12 9998672
13 13 9998673
14 14 9998674
15 15 9998675
16 16 9998676
17 17 9998677
18 18 9998678
19 19 9998679
20 20 9998680
1 1 9998681
1 2 9998682
1 3 9998683
1 4 9998684
1 5 9998685
1 6 9998686
1 7 9998687
1 8 9998688
1 9 9998689
1 10 9998690
1 11 9998691
1 12 9998692
1 13 9998693
1 14 9998694
1 15 9998695
1 16 9998696
1 17 9998697
1 18 9998698
1 19 9998699
1 20 9998700
1 1 9998701
2 2 9998702
3 3 9998703
4 4 9998704
5 5 9998705
6 6 9998706
7 7 9998707
8 8 9998708
9 9 9998709
10 10 9998710
11 11 9998711
12 12 9998712
13 13 9998713
14 14 9998714
15 15 9998715
16 16 9998716
17 17 9998717
18 18 9998718
19 19 9998719
20 20 9998720
1 1 9998721
1 2 9998722
1 3 9998723
1 4 9998724
1 5 9998725
1 6 9998726
1 7 9998727
1 8 9998728
1 9 9998729
1 10 9998730
1 11 9998731
1 12 9998732
1 13 9998733
1 14 9998734
1 15 9998735
1 16 9998736
1 17 9998737
1 18 9998738
1 19 9998739
1 20 9998740
1 1 9998741
2 2 9998742
3 3 9998743
4 4 9998744
5 5 9998745
6 6 9998746
7 7 9998747
8 8 9998748
9 9 9998749
10 10 9998750
11 11 9998751
12 12 9998752
13 13 9998753
14 14 9998754
15 15 9998755
16 16 9998756
17 17 9998757
18 18 9998758
19 19 9998759
20 20 9998760
1 1 9998761
1 2 9998762
1 3 9998763
1 4 9998764
1 5 9998765
1 6 9998766
1 7 9998767
1 8 9998768
1 9 9998769
1 10 9998770
1 11 9998771
1 12 9998772
1 13 9998773
1 14 9998774
1 15 9998775
1 16 9998776
1 17 9998777
1 18 9998778
1 19 9998779
1 20 9998780
1 1 9998781
2 2 9998782
3 3 9998783
4 4 9998784
5 5 9998785
6 6 9998786
7 7 9998787
8 8 9998788
9 9 9998789
10 10 9998790
11 11 9998791
12 12 9998792
13 13 9998793
14 14 9998794
15 15 9998795
16 16 9998796
17 17 9998797
18 18 9998798
19 19 9998799
20 20 9998800
1 1 9998801
1 2 9998802
1 3 9998803
1 4 9998804
1 5 9998805
1 6 9998806
1 7 9998807
1 8 9998808
1 9 9998809
1 10 9998810
1 11 9998811
1 12 9998812
1 13 9998813
1 14 9998814
1 15 9998815
1 16 9998816
1 17 9998817
1 18 9998818
1 19 9998819
1 20 9998820
1 1 9998821
2 2 9998822
3 3 9998823
4 4 9998824
5 5 9998825
6 6 9998826
7 7 9998827
8 8 9998828
9 9 9998829
10 10 9998830
11 11 9998831
12 12 9998832
13 13 9998833
14 14 9998834
15 15 9998835
16 16 9998836
17 17 9998837
18 18 9998838
19 19 9998839
20 20 9998840
1 1 9998841
1 2 9998842
1 3 9998843
1 4 9998844
1 5 9998845
1 6 9998846
1 7 9998847
1 8 9998848
1 9 9998849
1 10 9998850
1 11 9998851
1 12 9998852
1 13 9998853
1 14 9998854
1 15 9998855
1 16 9998856
1 17 9998857
1 18 9998858
1 19 9998859
1 20 9998860
1 1 9998861
2 2 9998862
3 3 9998863
4 4 9998864
5 5 9998865
6 6 9998866
7 7 9998867
8 8 9998868
9 9 9998869
10 10 9998870
11 11 9998871
12 12 9998872
13 13 9998873
14 14 9998874
15 15 9998875
16 16 9998876
17 17 9998877
18 18 9998878
19 19 9998879
20 20 9998880
1 1 9998881
1 2 9998882
1 3 9998883
1 4 9998884
1 5 9998885
1 6 9998886
1 7 9998887
1 8 9998888
1 9 9998889
1 10 9998890
1 11 9998891
1 12 9998892
1 13 9998893
1 14 9998894
1 15 9998895
1 16 9998896
1 17 9998897
1 18 9998898
1 19 9998899
1 20 9998900
1 1 9998901
2 2 9998902
3 3 9998903
4 4 9998904
5 5 9998905
6 6 9998906
7 7 9998907
8 8 9998908
9 9 9998909
10 10 9998910
11 11 9998911
12 12 9998912
13 13 9998913
14 14 9998914
15 15 9998915
16 16 9998916
17 17 9998917
18 18 9998918
19 19 9998919
20 20 9998920
1 1 9998921
1 2 9998922
1 3 9998923
1 4 9998924
1 5 9998925
1 6 9998926
1 7 9998927
1 8 9998928
1 9 9998929
1 10 9998930
1 11 9998931
1 12 9998932
1 13 9998933
1 14 9998934
1 15 9998935
1 16 9998936
1 17 9998937
1 18 9998938
1 19 9998939
1 20 9998940
1 1 9998941
2 2 9998942
3 3 9998943
4 4 9998944
5 5 9998945
6 6 9998946
7 7 9998947
8 8 9998948
9 9 9998949
10 10 9998950
11 11 9998951
12 12 9998952
13 13 9998953
14 14 9998954
15 15 9998955
16 16 9998956
17 17 9998957
18 18 9998958
19 19 9998959
20 20 9998960
1 1 9998961
1 2 9998962
1 3 9998963
1 4 9998964
1 5 9998965
1 6 9998966
1 7 9998967
1 8 9998968
1 9 9998969
1 10 9998970
1 11 9998971
1 12 9998972
1 13 9998973
1 14 9998974
1 15 9998975
1 16 9998976
1 17 9998977
1 18 9998978
1 19 9998979
1 20 9998980
1 1 9998981
2 2 9998982
3 3 9998983
4 4 9998984
5 5 9998985
6 6 9998986
7 7 9998987
8 8 9998988
9 9 9998989
10 10 9998990
11 11 9998991
12 12 9998992
13 13 9998993
14 14 9998994
15 15 9998995
16 16 9998996
17 17 9998997
18 18 9998998
19 19 9998999
20 20 9999000
1 1 9999001
1 2 9999002
1 3 9999003
1 4 9999004
1 5 9999005
1 6 9999006
1 7 9999007
1 8 9999008
1 9 9999009
1 10 9999010
1 11 9999011
1 12 9999012
1 13 9999013
1 14 9999014
1 15 9999015
1 16 9999016
1 17 9999017
1 18 9999018
1 19 9999019
1 20 9999020
1 1 9999021
2 2 9999022
3 3 9999023
4 4 9999024
5 5 9999025
6 6 9999026
7 7 9999027
8 8 9999028
9 9 9999029
10 10 9999030
11 11 9999031
12 12 9999032
13 13 9999033
14 14 9999034
15 15 9999035
16 16 9999036
17 17 9999037
18 18 9999038
19 19 9999039
20 20 9999040
1 1 9999041
1 2 9999042
1 3 9999043
1 4 9999044
1 5 9999045
1 6 9999046
1 7 9999047
1 8 9999048
1 9 9999049
1 10 9999050
1 11 9999051
1 12 9999052
1 13 9999053
1 14 9999054
1 15 9999055
1 16 9999056
1 17 9999057
1 18 9999058
1 19 9999059
1 20 9999060
1 1 9999061
2 2 9999062
3 3 9999063
4 4 9999064
5 5 9999065
6 6 9999066
7 7 9999067
8 8 9999068
9 9 9999069
10 10 9999070
11 11 9999071
12 12 9999072
13 13 9999073
14 14 9999074
15 15 9999075
16 16 9999076
17 17 9999077
18 18 9999078
19 19 9999079
20 20 9999080
1 1 9999081
1 2 9999082
1 3 9999083
1 4 9999084
1 5 9999085
1 6 9999086
1 7 9999087
1 8 9999088
1 9 9999089
1 10 9999090
1 11 9999091
1 12 9999092
1 13 9999093
1 14 9999094
1 15 9999095
1 16 9999096
1 17 9999097
1 18 9999098
1 19 9999099
1 20 9999100
1 1 9999101
2 2 9999102
3 3 9999103
4 4 9999104
5 5 9999105
6 6 9999106
7 7 9999107
8 8 9999108
9 9 9999109
10 10 9999110
11 11 9999111
12 12 9999112
13 13 9999113
14 14 9999114
15 15 9999115
16 16 9999116
17 17 9999117
18 18 9999118
19 19 9999119
20 20 9999120
1 1 9999121
1 2 9999122
1 3 9999123
1 4 9999124
1 5 9999125
1 6 9999126
1 7 9999127
1 8 9999128
1 9 9999129
1 10 9999130
1 11 9999131
1 12 9999132
1 13 9999133
1 14 9999134
1 15 9999135
1 16 9999136
1 17 9999137
1 18 9999138
1 19 9999139
1 20 9999140
1 1 9999141
2 2 9999142
3 3 9999143
4 4 9999144
5 5 9999145
6 6 9999146
7 7 9999147
8 8 9999148
9 9 9999149
10 10 9999150
11 11 9999151
12 12 9999152
13 13 9999153
14 14 9999154
15 15 9999155
16 16 9999156
17 17 9999157
18 18 9999158
19 19 9999159
20 20 9999160
1 1 9999161
1 2 9999162
1 3 9999163
1 4 9999164
1 5 9999165
1 6 9999166
1 7 9999167
1 8 9999168
1 9 9999169
1 10 9999170
1 11 9999171
1 12 9999172
1 13 9999173
1 14 9999174
1 15 9999175
1 16 9999176
1 17 9999177
1 18 9999178
1 19 9999179
1 20 9999180
1 1 9999181
2 2 9999182
3 3 9999183
4 4 9999184
5 5 9999185
6 6 9999186
7 7 9999187
8 8 9999188
9 9 9999189
10 10 9999190
11 11 9999191
12 12 9999192
13 13 9999193
14 14 9999194
15 15 9999195
16 16 9999196
17 17 9999197
18 18 9999198
19 19 9999199
20 20 9999200
1 1 9999201
1 2 9999202
1 3 9999203
1 4 9999204
1 5 9999205
1 6 9999206
1 7 9999207
1 8 9999208
1 9 9999209
1 10 9999210
1 11 9999211
1 12 9999212
1 13 9999213
1 14 9999214
1 15 9999215
1 16 9999216
1 17 9999217
1 18 9999218
1 19 9999219
1 20 9999220
1 1 9999221
2 2 9999222
3 3 9999223
4 4 9999224
5 5 9999225
6 6 9999226
7 7 9999227
8 8 9999228
9 9 9999229
10 10 9999230
11 11 9999231
12 12 9999232
13 13 9999233
14 14 9999234
15 15 9999235
16 16 9999236
17 17 9999237
18 18 9999238
19 19 9999239
20 20 9999240
1 1 9999241
1 2 9999242
1 3 9999243
1 4 9999244
1 5 9999245
1 6 9999246
1 7 9999247
1 8 9999248
1 9 9999249
1 10 9999250
1 11 9999251
1 12 9999252
1 13 9999253
1 14 9999254
1 15 9999255
1 16 9999256
1 17 9999257
1 18 9999258
1 19 9999259
1 20 9999260
1 1 9999261
2 2 9999262
3 3 9999263
4 4 9999264
5 5 9999265
6 6 9999266
7 7 9999267
8 8 9999268
9 9 9999269
10 10 9999270
11 11 9999271
12 12 9999272
13 13 9999273
14 14 9999274
15 15 9999275
16 16 9999276
17 17 9999277
18 18 9999278
19 19 9999279
20 20 9999280
1 1 9999281
1 2 9999282
1 3 9999283
1 4 9999284
1 5 9999285
1 6 9999286
1 7 9999287
1 8 9999288
1 9 9999289
1 10 9999290
1 11 9999291
1 12 9999292
1 13 9999293
1 14 9999294
1 15 9999295
1 16 9999296
1 17 9999297
1 18 9999298
1 19 9999299
1 20 9999300
1 1 9999301
2 2 9999302
3 3 9999303
4 4 9999304
5 5 9999305
6 6 9999306
7 7 9999307
8 8 9999308
9 9 9999309
10 10 9999310
11 11 9999311
12 12 9999312
13 13 9999313
14 14 9999314
15 15 9999315
16 16 9999316
17 17 9999317
18 18 9999318
19 19 9999319
20 20 9999320
1 1 9999321
1 2 9999322
1 3 9999323
1 4 9999324
1 5 9999325
1 6 9999326
1 7 9999327
1 8 9999328
1 9 9999329
1 10 9999330
1 11 9999331
1 12 9999332
1 13 9999333
1 14 9999334
1 15 9999335
1 16 9999336
1 17 9999337
1 18 9999338
1 19 9999339
1 20 9999340
1 1 9999341
2 2 9999342
3 3 9999343
4 4 9999344
5 5 9999345
6 6 9999346
7 7 9999347
8 8 9999348
9 9 9999349
10 10 9999350
11 11 9999351
12 12 9999352
13 13 9999353
14 14 9999354
15 15 9999355
16 16 9999356
17 17 9999357
18 18 9999358
19 19 9999359
20 20 9999360
1 1 9999361
1 2 9999362
1 3 9999363
1 4 9999364
1 5 9999365
1 6 9999366
1 7 9999367
1 8 9999368
1 9 9999369
1 10 9999370
1 11 9999371
1 12 9999372
1 13 9999373
1 14 9999374
1 15 9999375
1 16 9999376
1 17 9999377
1 18 9999378
1 19 9999379
1 20 9999380
1 1 9999381
2 2 9999382
3 3 9999383
4 4 9999384
5 5 9999385
6 6 9999386
7 7 9999387
8 8 9999388
9 9 9999389
10 10 9999390
11 11 9999391
12 12 9999392
13 13 9999393
14 14 9999394
15 15 9999395
16 16 9999396
17 17 9999397
18 18 9999398
19 19 9999399
20 20 9999400
1 1 9999401
1 2 9999402
1 3 9999403
1 4 9999404
1 5 9999405
1 6 9999406
1 7 9999407
1 8 9999408
1 9 9999409
1 10 9999410
1 11 9999411
1 12 9999412
1 13 9999413
1 14 9999414
1 15 9999415
1 16 9999416
1 17 9999417
1 18 9999418
1 19 9999419
1 20 9999420
1 1 9999421
2 2 9999422
3 3 9999423
4 4 9999424
5 5 9999425
6 6 9999426
7 7 9999427
8 8 9999428
9 9 9999429
10 10 9999430
11 11 9999431
12 12 9999432
13 13 9999433
14 14 9999434
15 15 9999435
16 16 9999436
17 17 9999437
18 18 9999438
19 19 9999439
20 20 9999440
1 1 9999441
1 2 9999442
1 3 9999443
1 4 9999444
1 5 9999445
1 6 9999446
1 7 9999447
1 8 9999448
1 9 9999449
1 10 9999450
1 11 9999451
1 12 9999452
1 13 9999453
1 14 9999454
1 15 9999455
1 16 9999456
1 17 9999457
1 18 9999458
1 19 9999459
1 20 9999460
1 1 9999461
2 2 9999462
3 3 9999463
4 4 9999464
5 5 9999465
6 6 9999466
7 7 9999467
8 8 9999468
9 9 9999469
10 10 9999470
11 11 9999471
12 12 9999472
13 13 9999473
14 14 9999474
15 15 9999475
16 16 9999476
17 17 9999477
18 18 9999478
19 19 9999479
20 20 9999480
1 1 9999481
1 2 9999482
1 3 9999483
1 4 9999484
1 5 9999485
1 6 9999486
1 7 9999487
1 8 9999488
1 9 9999489
1 10 9999490
1 11 9999491
1 12 9999492
1 13 9999493
1 14 9999494
1 15 9999495
1 16 9999496
1 17 9999497
1 18 9999498
1 19 9999499
1 20 9999500
1 1 9999501
2 2 9999502
3 3 9999503
4 4 9999504
5 5 9999505
6 6 9999506
7 7 9999507
8 8 9999508
9 9 9999509
10 10 9999510
11 11 9999511
12 12 9999512
13 13 9999513
14 14 9999514
15 15 9999515
16 16 9999516
17 17 9999517
18 18 9999518
19 19 9999519
20 20 9999520
1 1 9999521
1 2 9999522
1 3 9999523
1 4 9999524
1 5 9999525
1 6 9999526
1 7 9999527
1 8 9999528
1 9 9999529
1 10 9999530
1 11 9999531
1 12 9999532
1 13 9999533
1 14 9999534
1 15 9999535
1 16 9999536
1 17 9999537
1 18 9999538
1 19 9999539
1 20 9999540
1 1 9999541
2 2 9999542
3 3 9999543
4 4 9999544
5 5 9999545
6 6 9999546
7 7 9999547
8 8 9999548
9 9 9999549
10 10 9999550
11 11 9999551
12 12 9999552
13 13 9999553
14 14 9999554
15 15 9999555
16 16 9999556
17 17 9999557
18 18 9999558
19 19 9999559
20 20 9999560
1 1 9999561
1 2 9999562
1 3 9999563
1 4 9999564
1 5 9999565
1 6 9999566
1 7 9999567
1 8 9999568
1 9 9999569
1 10 9999570
1 11 9999571
1 12 9999572
1 13 9999573
1 14 9999574
1 15 9999575
1 16 9999576
1 17 9999577
1 18 9999578
1 19 9999579
1 20 9999580
1 1 9999581
2 2 9999582
3 3 9999583
4 4 9999584
5 5 9999585
6 6 9999586
7 7 9999587
8 8 9999588
9 9 9999589
10 10 9999590
11 11 9999591
12 12 9999592
13 13 9999593
14 14 9999594
15 15 9999595
16 16 9999596
17 17 9999597
18 18 9999598
19 19 9999599
20 20 9999600
1 1 9999601
1 2 9999602
1 3 9999603
1 4 9999604
1 5 9999605
1 6 9999606
1 7 9999607
1 8 9999608
1 9 9999609
1 10 9999610
1 11 9999611
1 12 9999612
1 13 9999613
1 14 9999614
1 15 9999615
1 16 9999616
1 17 9999617
1 18 9999618
1 19 9999619
1 20 9999620
1 1 9999621
2 2 9999622
3 3 9999623
4 4 9999624
5 5 9999625
6 6 9999626
7 7 9999627
8 8 9999628
9 9 9999629
10 10 9999630
11 11 9999631
12 12 9999632
13 13 9999633
14 14 9999634
15 15 9999635
16 16 9999636
17 17 9999637
18 18 9999638
19 19 9999639
20 20 9999640
1 1 9999641
1 2 9999642
1 3 9999643
1 4 9999644
1 5 9999645
1 6 9999646
1 7 9999647
1 8 9999648
1 9 9999649
1 10 9999650
1 11 9999651
1 12 9999652
1 13 9999653
1 14 9999654
1 15 9999655
1 16 9999656
1 17 9999657
1 18 9999658
1 19 9999659
1 20 9999660
1 1 9999661
2 2 9999662
3 3 9999663
4 4 9999664
5 5 9999665
6 6 9999666
7 7 9999667
8 8 9999668
9 9 9999669
10 10 9999670
11 11 9999671
12 12 9999672
13 13 9999673
14 14 9999674
15 15 9999675
16 16 9999676
17 17 9999677
18 18 9999678
19 19 9999679
20 20 9999680
1 1 9999681
1 2 9999682
1 3 9999683
1 4 9999684
1 5 9999685
1 6 9999686
1 7 9999687
1 8 9999688
1 9 9999689
1 10 9999690
1 11 9999691
1 12 9999692
1 13 9999693
1 14 9999694
1 15 9999695
1 16 9999696
1 17 9999697
1 18 9999698
1 19 9999699
1 20 9999700
1 1 9999701
2 2 9999702
3 3 9999703
4 4 9999704
5 5 9999705
6 6 9999706
7 7 9999707
8 8 9999708
9 9 9999709
10 10 9999710
11 11 9999711
12 12 9999712
13 13 9999713
14 14 9999714
15 15 9999715
16 16 9999716
17 17 9999717
18 18 9999718
19 19 9999719
20 20 9999720
1 1 9999721
1 2 9999722
1 3 9999723
1 4 9999724
1 5 9999725
1 6 9999726
1 7 9999727
1 8 9999728
1 9 9999729
1 10 9999730
1 11 9999731
1 12 9999732
1 13 9999733
1 14 9999734
1 15 9999735
1 16 9999736
1 17 9999737
1 18 9999738
1 19 9999739
1 20 9999740
1 1 9999741
2 2 9999742
3 3 9999743
4 4 9999744
5 5 9999745
6 6 9999746
7 7 9999747
8 8 9999748
9 9 9999749
10 10 9999750
11 11 9999751
12 12 9999752
13 13 9999753
14 14 9999754
15 15 9999755
16 16 9999756
17 17 9999757
18 18 9999758
19 19 9999759
20 20 9999760
1 1 9999761
1 2 9999762
1 3 9999763
1 4 9999764
1 5 9999765
1 6 9999766
1 7 9999767
1 8 9999768
1 9 9999769
1 10 9999770
1 11 9999771
1 12 9999772
1 13 9999773
1 14 9999774
1 15 9999775
1 16 9999776
1 17 9999777
1 18 9999778
1 19 9999779
1 20 9999780
1 1 9999781
2 2 9999782
3 3 9999783
4 4 9999784
5 5 9999785
6 6 9999786
7 7 9999787
8 8 9999788
9 9 9999789
10 10 9999790
11 11 9999791
12 12 9999792
13 13 9999793
14 14 9999794
15 15 9999795
16 16 9999796
17 17 9999797
18 18 9999798
19 19 9999799
20 20 9999800
1 1 9999801
1 2 9999802
1 3 9999803
1 4 9999804
1 5 9999805
1 6 9999806
1 7 9999807
1 8 9999808
1 9 9999809
1 10 9999810
1 11 9999811
1 12 9999812
1 13 9999813
1 14 9999814
1 15 9999815
1 16 9999816
1 17 9999817
1 18 9999818
1 19 9999819
1 20 9999820
1 1 9999821
2 2 9999822
3 3 9999823
4 4 9999824
5 5 9999825
6 6 9999826
7 7 9999827
8 8 9999828
9 9 9999829
10 10 9999830
11 11 9999831
12 12 9999832
13 13 9999833
14 14 9999834
15 15 9999835
16 16 9999836
17 17 9999837
18 18 9999838
19 19 9999839
20 20 9999840
1 1 9999841
1 2 9999842
1 3 9999843
1 4 9999844
1 5 9999845
1 6 9999846
1 7 9999847
1 8 9999848
1 9 9999849
1 10 9999850
1 11 9999851
1 12 9999852
1 13 9999853
1 14 9999854
1 15 9999855
1 16 9999856
1 17 9999857
1 18 9999858
1 19 9999859
1 20 9999860
1 1 9999861
2 2 9999862
3 3 9999863
4 4 9999864
5 5 9999865
6 6 9999866
7 7 9999867
8 8 9999868
9 9 9999869
10 10 9999870
11 11 9999871
12 12 9999872
13 13 9999873
14 14 9999874
15 15 9999875
16 16 9999876
17 17 9999877
18 18 9999878
19 19 9999879
20 20 9999880
1 1 9999881
1 2 9999882
1 3 9999883
1 4 9999884
1 5 9999885
1 6 9999886
1 7 9999887
1 8 9999888
1 9 9999889
1 10 9999890
1 11 9999891
1 12 9999892
1 13 9999893
1 14 9999894
1 15 9999895
1 16 9999896
1 17 9999897
1 18 9999898
1 19 9999899
1 20 9999900
1 1 9999901
2 2 9999902
3 3 9999903
4 4 9999904
5 5 9999905
6 6 9999906
7 7 9999907
8 8 9999908
9 9 9999909
10 10 9999910
11 11 9999911
12 12 9999912
13 13 9999913
14 14 9999914
15 15 9999915
16 16 9999916
17 17 9999917
18 18 9999918
19 19 9999919
20 20 9999920
1 1 9999921
1 2 9999922
1 3 9999923
1 4 9999924
1 5 9999925
1 6 9999926
1 7 9999927
1 8 9999928
1 9 9999929
1 10 9999930
1 11 9999931
1 12 9999932
1 13 9999933
1 14 9999934
1 15 9999935
1 16 9999936
1 17 9999937
1 18 9999938
1 19 9999939
1 20 9999940
1 1 9999941
2 2 9999942
3 3 9999943
4 4 9999944
5 5 9999945
6 6 9999946
7 7 9999947
8 8 9999948
9 9 9999949
10 10 9999950
11 11 9999951
12 12 9999952
13 13 9999953
14 14 9999954
15 15 9999955
16 16 9999956
17 17 9999957
18 18 9999958
19 19 9999959
20 20 9999960
1 1 9999961
1 2 9999962
1 3 9999963
1 4 9999964
1 5 9999965
1 6 9999966
1 7 9999967
1 8 9999968
1 9 9999969
1 10 9999970
1 11 9999971
1 12 9999972
1 13 9999973
1 14 9999974
1 15 9999975
1 16 9999976
1 17 9999977
1 18 9999978
1 19 9999979
1 20 9999980
1 1 9999981
2 2 9999982
3 3 9999983
4 4 9999984
5 5 9999985
6 6 9999986
7 7 9999987
8 8 9999988
9 9 9999989
10 10 9999990
11 11 9999991
12 12 9999992
13 13 9999993
14 14 9999994
15 15 9999995
16 16 9999996
17 17 9999997
18 18 9999998
19 19 9999999
20 20 10000000
